NMF_Replicate	L1	L1 %	L2	L2 %	KL Divergence	Correlation	Convergence Iterations
1	4.183	24.066	2.079	19.962	0.094	0.982	3000.0
2	3.401	19.18	1.711	15.901	0.082	0.98	3000.0
3	5.011	27.325	2.328	21.775	0.098	0.974	4000.0
4	4.313	24.013	2.009	18.052	0.1	0.983	18000.0
5	4.027	22.694	2.013	18.597	0.085	0.981	2000.0
6	4.444	25.608	2.197	20.62	0.094	0.979	4000.0
7	4.453	24.896	2.234	21.087	0.082	0.973	4000.0
8	4.243	23.823	1.94	18.57	0.111	0.98	2000.0
9	4.288	24.091	2.095	18.663	0.094	0.986	2000.0
10	4.403	25.044	2.101	19.069	0.114	0.983	4000.0
11	3.649	20.95	1.757	15.192	0.086	0.988	3000.0
12	4.166	23.918	2.122	20.425	0.09	0.978	2000.0
13	3.798	21.367	1.807	15.943	0.095	0.988	3000.0
14	5.68	31.486	2.842	26.598	0.134	0.951	3000.0
15	4.328	24.164	2.004	18.498	0.092	0.982	2000.0
16	4.174	23.336	2.027	18.805	0.099	0.98	3000.0
17	3.388	19.33	1.543	13.723	0.106	0.988	4000.0
18	2.684	15.021	1.35	12.635	0.053	0.99	4000.0
19	4.889	27.414	2.19	20.79	0.131	0.976	3000.0
20	3.907	21.779	2.029	19.487	0.073	0.975	3000.0
21	4.594	25.937	2.396	21.487	0.106	0.978	4000.0
22	4.944	27.644	2.31	21.814	0.142	0.971	2000.0
23	4.07	23.565	2.076	20.251	0.092	0.973	2000.0
24	4.401	24.801	2.017	19.485	0.106	0.981	3000.0
25	3.489	19.513	1.833	16.6	0.063	0.987	4000.0
26	2.245	12.527	1.096	8.812	0.06	0.996	2000.0
27	2.957	16.435	1.606	15.134	0.06	0.982	6000.0
28	3.275	18.425	1.837	15.49	0.095	0.99	2000.0
29	4.419	25.0	2.14	20.705	0.115	0.976	3000.0
30	3.691	20.551	1.742	16.036	0.082	0.986	3000.0
31	3.705	20.913	1.972	18.78	0.063	0.976	3000.0
32	4.895	27.614	2.335	21.079	0.121	0.979	2000.0
33	4.431	24.849	2.113	19.313	0.113	0.978	4000.0
34	4.198	23.559	1.868	17.212	0.116	0.981	3000.0
35	3.553	19.679	1.787	15.546	0.072	0.986	37000.0
36	3.206	17.891	1.622	14.188	0.085	0.988	22000.0
37	4.141	23.535	2.028	19.874	0.072	0.972	3000.0
38	3.672	21.229	1.789	16.453	0.075	0.986	2000.0
39	2.711	15.764	1.23	11.792	0.062	0.992	3000.0
40	3.974	22.218	1.87	18.06	0.092	0.98	2000.0
41	3.176	17.493	1.487	13.1	0.078	0.988	4000.0
42	4.767	27.022	2.255	20.227	0.115	0.976	3000.0
43	4.305	24.299	2.113	19.244	0.098	0.98	3000.0
44	2.745	15.161	1.374	12.589	0.065	0.989	2000.0
45	3.697	21.323	1.94	17.992	0.071	0.982	2000.0
46	4.337	24.575	2.082	18.439	0.104	0.982	3000.0
47	4.756	26.643	2.261	20.281	0.098	0.978	4000.0
48	4.172	23.073	2.005	18.208	0.072	0.981	5000.0
49	4.487	25.495	2.217	20.272	0.107	0.98	3000.0
50	4.759	26.823	2.251	20.141	0.138	0.979	4000.0
51	3.832	21.354	1.93	17.062	0.1	0.984	3000.0
52	4.566	26.175	2.119	20.289	0.115	0.978	2000.0
53	4.19	23.302	2.31	20.655	0.104	0.975	32000.0
54	3.929	22.151	1.921	18.072	0.103	0.98	2000.0
55	2.644	14.81	1.412	13.005	0.049	0.99	3000.0
56	4.389	24.016	1.917	18.286	0.121	0.978	3000.0
57	3.087	17.56	1.441	13.039	0.081	0.992	4000.0
58	4.369	24.19	2.115	19.076	0.107	0.981	11000.0
59	2.914	16.531	1.631	13.713	0.046	0.989	3000.0
60	4.481	24.536	2.167	21.142	0.109	0.97	2000.0
61	5.335	30.107	2.582	26.205	0.141	0.956	5000.0
62	3.742	20.905	1.851	17.121	0.079	0.985	3000.0
63	4.129	23.094	1.988	18.485	0.082	0.985	4000.0
64	4.003	22.823	1.859	17.291	0.107	0.984	4000.0
65	4.213	23.549	1.961	19.475	0.105	0.978	3000.0
66	3.102	17.604	1.529	14.112	0.064	0.987	2000.0
67	4.041	23.259	1.989	19.415	0.087	0.977	4000.0
68	4.108	23.164	1.928	17.213	0.115	0.986	3000.0
69	4.121	23.227	1.998	18.758	0.078	0.982	2000.0
70	3.351	18.431	1.815	15.061	0.057	0.988	3000.0
71	3.841	21.438	1.81	16.942	0.089	0.985	2000.0
72	3.129	17.575	1.596	13.93	0.084	0.99	3000.0
73	4.345	24.38	2.172	20.352	0.067	0.978	4000.0
74	3.706	20.479	1.889	16.814	0.075	0.983	4000.0
75	3.512	19.374	1.782	16.218	0.056	0.985	4000.0
76	3.915	22.158	1.865	17.243	0.088	0.983	3000.0
77	3.924	22.542	1.885	17.222	0.097	0.984	3000.0
78	4.955	27.861	2.415	23.484	0.12	0.971	2000.0
79	3.075	17.217	1.545	14.608	0.076	0.987	7000.0
80	3.169	17.592	1.517	13.761	0.058	0.99	3000.0
81	4.055	23.307	2.01	18.816	0.099	0.977	3000.0
82	4.646	25.376	2.233	20.776	0.112	0.968	2000.0
83	3.216	17.969	1.629	14.142	0.066	0.986	2000.0
84	3.555	19.868	1.734	15.921	0.065	0.985	9000.0
85	3.383	19.226	1.594	14.449	0.099	0.988	6000.0
86	2.583	14.556	1.241	11.657	0.058	0.991	2000.0
87	4.008	22.332	1.961	16.91	0.084	0.988	3000.0
88	4.334	24.598	2.08	19.778	0.103	0.978	2000.0
89	5.147	29.377	2.671	24.63	0.107	0.971	2000.0
90	4.919	27.794	2.514	23.012	0.097	0.969	2000.0
91	3.548	19.882	1.587	13.999	0.074	0.99	5000.0
92	3.311	18.839	1.694	15.511	0.097	0.985	3000.0
93	3.6	20.198	1.879	16.592	0.061	0.985	8000.0
94	3.728	21.068	1.771	15.883	0.113	0.986	3000.0
95	5.155	29.119	2.58	25.072	0.112	0.967	3000.0
96	3.025	16.778	1.548	13.65	0.049	0.99	2000.0
97	2.96	16.763	1.477	13.58	0.079	0.989	2000.0
98	4.797	27.036	2.253	21.93	0.136	0.97	2000.0
99	2.588	14.231	1.264	12.228	0.101	0.986	2000.0
100	4.03	22.082	1.984	17.311	0.084	0.983	3000.0
101	2.931	16.701	1.465	13.773	0.069	0.988	4000.0
102	3.115	17.957	1.516	14.55	0.065	0.986	2000.0
103	4.609	26.318	2.352	21.453	0.084	0.971	6000.0
104	4.827	27.832	2.355	21.076	0.102	0.975	4000.0
105	3.771	21.214	1.844	15.916	0.088	0.99	4000.0
106	4.928	27.582	2.468	22.07	0.127	0.974	4000.0
107	4.705	26.025	2.315	21.188	0.101	0.976	3000.0
108	3.488	19.466	1.586	14.355	0.101	0.988	15000.0
109	3.786	21.534	1.789	16.153	0.099	0.985	2000.0
110	4.52	26.037	2.2	20.918	0.121	0.974	2000.0
111	4.689	26.079	2.165	19.544	0.127	0.982	3000.0
112	3.963	22.078	2.011	18.656	0.082	0.981	2000.0
113	4.252	24.248	2.034	19.737	0.123	0.976	2000.0
114	3.136	18.2	1.763	15.703	0.07	0.982	4000.0
115	4.353	24.228	2.141	20.428	0.097	0.976	4000.0
116	4.206	23.519	1.977	18.182	0.094	0.979	2000.0
117	3.447	19.006	1.706	16.239	0.123	0.977	28000.0
118	3.527	19.974	1.752	17.736	0.095	0.979	2000.0
119	5.129	29.342	2.652	25.324	0.138	0.965	3000.0
120	4.207	23.94	1.972	17.944	0.091	0.984	3000.0
121	3.345	18.461	1.682	15.836	0.075	0.986	3000.0
122	3.659	20.413	1.732	16.144	0.094	0.985	3000.0
123	4.337	24.639	2.195	21.545	0.105	0.968	3000.0
124	3.898	22.075	1.974	17.843	0.095	0.985	4000.0
125	4.541	25.961	2.191	19.312	0.101	0.982	5000.0
126	3.519	19.869	1.827	17.226	0.083	0.983	6000.0
127	3.627	20.597	1.762	16.916	0.099	0.981	4000.0
128	4.873	27.064	2.526	22.279	0.11	0.961	2000.0
129	4.79	26.538	2.356	21.139	0.119	0.972	3000.0
130	3.698	20.638	1.722	16.717	0.076	0.984	5000.0
131	2.789	15.569	1.35	12.279	0.087	0.99	3000.0
132	3.762	21.053	1.82	16.366	0.086	0.986	4000.0
133	6.444	36.9	3.237	30.959	0.141	0.946	4000.0
134	2.55	14.042	1.326	12.101	0.058	0.992	2000.0
135	4.993	27.553	2.438	22.203	0.116	0.975	2000.0
136	4.133	22.788	2.13	19.077	0.088	0.981	2000.0
137	3.285	18.742	1.612	14.346	0.09	0.989	2000.0
138	3.948	21.934	1.939	17.015	0.091	0.984	3000.0
139	4.855	27.726	2.267	20.995	0.144	0.976	5000.0
140	2.393	13.346	1.21	10.969	0.055	0.992	6000.0
141	3.186	17.803	1.523	13.952	0.087	0.99	3000.0
142	3.899	22.641	2.142	19.394	0.08	0.977	5000.0
143	4.734	27.11	2.298	21.645	0.114	0.968	3000.0
144	4.71	26.795	2.485	22.52	0.108	0.969	13000.0
145	4.768	27.331	2.373	22.495	0.113	0.971	2000.0
146	4.964	27.966	2.247	20.995	0.138	0.979	5000.0
147	5.387	30.97	2.523	23.399	0.165	0.964	3000.0
148	4.34	23.858	1.976	19.59	0.103	0.976	3000.0
149	3.295	18.655	1.594	16.216	0.073	0.981	3000.0
150	4.035	22.474	1.805	16.273	0.098	0.983	4000.0
151	2.689	15.286	1.292	11.703	0.051	0.993	8000.0
152	2.951	16.658	1.392	11.895	0.078	0.991	3000.0
153	4.456	24.694	2.137	18.937	0.1	0.977	2000.0
154	3.886	22.244	1.847	17.033	0.084	0.984	3000.0
155	4.985	27.595	2.278	21.477	0.115	0.973	2000.0
156	2.567	14.417	1.22	10.789	0.071	0.993	3000.0
157	4.484	24.836	2.233	19.457	0.097	0.983	3000.0
158	2.748	15.319	1.36	11.869	0.07	0.993	3000.0
159	4.095	22.96	2.191	19.602	0.083	0.982	3000.0
160	4.039	22.846	1.84	17.069	0.107	0.983	3000.0
161	3.876	22.126	1.806	16.924	0.09	0.983	2000.0
162	5.51	31.271	2.997	28.164	0.111	0.954	2000.0
163	3.752	20.766	1.847	16.844	0.1	0.984	2000.0
164	2.717	15.321	1.301	11.295	0.092	0.99	4000.0
165	3.189	18.158	1.621	14.712	0.059	0.989	5000.0
166	4.545	25.341	2.376	21.949	0.08	0.971	3000.0
167	4.282	24.331	2.169	20.344	0.109	0.97	5000.0
168	5.025	28.819	2.601	24.074	0.117	0.972	3000.0
169	4.901	28.393	2.405	24.563	0.12	0.957	3000.0
170	4.444	24.807	2.215	21.177	0.107	0.973	2000.0
171	3.253	18.03	1.636	14.798	0.078	0.988	2000.0
172	3.718	20.912	1.866	16.899	0.079	0.984	7000.0
173	4.463	25.265	2.118	20.034	0.097	0.981	3000.0
174	4.017	22.326	2.188	19.141	0.065	0.981	3000.0
175	3.381	19.222	1.564	14.446	0.077	0.988	3000.0
176	3.95	22.477	1.993	18.618	0.117	0.984	2000.0
177	3.897	21.755	1.959	17.077	0.085	0.985	2000.0
178	3.321	19.126	1.642	14.429	0.081	0.99	3000.0
179	5.033	28.141	2.53	23.939	0.102	0.965	2000.0
180	3.901	21.756	1.834	17.854	0.088	0.977	3000.0
181	3.772	21.188	1.902	16.664	0.081	0.985	4000.0
182	4.217	24.095	2.065	19.68	0.108	0.978	4000.0
183	4.012	22.633	1.889	17.248	0.098	0.985	2000.0
184	4.096	23.281	2.14	18.894	0.079	0.984	2000.0
185	4.927	27.43	2.279	20.694	0.121	0.976	4000.0
186	2.623	14.889	1.316	13.446	0.051	0.987	2000.0
187	4.462	25.305	2.241	22.131	0.094	0.973	2000.0
188	3.675	20.936	1.704	14.918	0.108	0.988	3000.0
189	3.702	20.388	1.874	17.037	0.067	0.982	3000.0
190	3.825	21.63	1.779	17.893	0.116	0.977	13000.0
191	3.185	17.969	1.667	15.492	0.065	0.985	2000.0
192	4.517	25.386	2.4	22.201	0.085	0.976	3000.0
193	4.786	27.229	2.334	21.692	0.122	0.974	2000.0
194	4.854	27.115	2.186	21.486	0.116	0.974	3000.0
195	5.226	29.331	2.491	22.27	0.139	0.978	2000.0
196	2.87	16.234	1.45	12.827	0.09	0.99	2000.0
197	3.589	20.379	1.891	15.707	0.076	0.986	2000.0
198	4.176	23.455	2.047	18.75	0.095	0.981	3000.0
199	4.426	25.489	2.065	18.776	0.104	0.984	4000.0
200	3.783	20.927	1.789	15.8	0.087	0.989	2000.0
201	3.159	17.841	1.638	14.639	0.089	0.987	5000.0
202	4.057	22.875	2.044	19.053	0.099	0.98	4000.0
203	4.7	26.16	2.21	20.418	0.118	0.975	3000.0
204	3.954	22.497	1.933	17.759	0.086	0.981	3000.0
205	3.501	19.813	1.632	14.909	0.066	0.989	4000.0
206	3.987	22.592	1.936	19.044	0.094	0.976	2000.0
207	4.569	24.893	2.072	18.681	0.112	0.979	6000.0
208	4.024	22.038	1.937	17.298	0.108	0.983	4000.0
209	4.624	26.083	2.323	20.712	0.122	0.976	3000.0
210	3.027	17.058	1.475	13.431	0.081	0.987	3000.0
211	4.023	22.657	1.838	17.559	0.109	0.98	3000.0
212	4.785	26.559	2.488	21.624	0.097	0.979	5000.0
213	4.738	26.462	2.298	21.108	0.095	0.975	3000.0
214	4.048	22.474	1.792	16.471	0.089	0.987	3000.0
215	2.45	13.83	1.18	10.088	0.052	0.995	7000.0
216	4.355	25.07	2.018	18.655	0.121	0.981	5000.0
217	4.205	23.511	1.923	18.506	0.109	0.98	4000.0
218	4.362	24.425	2.117	19.571	0.107	0.979	2000.0
219	2.459	14.016	1.253	10.842	0.055	0.993	5000.0
220	4.58	25.867	2.3	21.054	0.105	0.98	2000.0
221	3.538	19.775	1.717	16.214	0.081	0.986	5000.0
222	3.691	21.368	1.807	16.61	0.106	0.986	3000.0
223	3.294	18.64	1.534	12.987	0.075	0.992	2000.0
224	3.675	20.717	1.895	17.662	0.081	0.982	4000.0
225	3.721	21.638	2.023	19.717	0.06	0.975	2000.0
226	3.005	16.875	1.5	13.237	0.066	0.987	5000.0
227	3.149	17.768	1.562	14.228	0.07	0.988	2000.0
228	3.541	20.067	1.754	15.015	0.082	0.987	7000.0
229	3.667	20.337	1.751	16.267	0.077	0.985	3000.0
230	3.456	19.862	1.712	16.56	0.09	0.984	3000.0
231	4.088	23.351	2.107	19.062	0.092	0.978	3000.0
232	2.443	13.445	1.276	10.646	0.062	0.994	2000.0
233	3.958	22.113	1.958	17.85	0.082	0.984	3000.0
234	3.947	22.246	1.899	17.929	0.089	0.98	3000.0
235	3.868	22.507	1.906	17.799	0.099	0.976	4000.0
236	4.184	23.549	2.091	18.458	0.113	0.98	2000.0
237	3.093	16.928	1.733	15.522	0.035	0.987	2000.0
238	3.491	19.573	1.663	15.816	0.089	0.986	2000.0
239	2.551	14.711	1.269	11.213	0.056	0.992	4000.0
240	2.701	15.107	1.313	11.495	0.066	0.993	3000.0
241	3.432	19.438	1.604	14.028	0.085	0.991	3000.0
242	3.042	17.086	1.398	12.951	0.075	0.989	2000.0
243	4.628	26.263	2.15	20.057	0.119	0.979	3000.0
244	3.544	19.602	1.816	16.571	0.052	0.983	3000.0
245	4.064	23.19	1.88	17.845	0.122	0.983	3000.0
246	5.023	28.006	2.596	23.818	0.1	0.976	4000.0
247	4.755	26.836	2.426	22.526	0.098	0.976	3000.0
248	2.714	14.996	1.27	10.926	0.053	0.993	3000.0
249	3.487	19.568	1.554	14.87	0.093	0.985	17000.0
250	4.172	23.58	2.239	20.693	0.082	0.976	2000.0
251	4.059	22.851	1.99	18.771	0.115	0.98	2000.0
252	4.631	26.323	2.022	19.041	0.136	0.979	3000.0
253	3.5	19.407	1.589	15.479	0.084	0.986	2000.0
254	4.027	22.507	1.847	17.999	0.091	0.981	3000.0
255	2.657	14.79	1.356	11.279	0.06	0.992	2000.0
256	3.452	19.156	1.769	16.144	0.062	0.987	44000.0
257	5.114	28.673	2.437	23.286	0.132	0.97	4000.0
258	3.058	16.97	1.417	13.05	0.069	0.991	4000.0
259	4.649	25.889	2.275	22.332	0.109	0.966	2000.0
260	3.283	18.764	1.516	13.704	0.09	0.99	3000.0
261	4.855	27.589	2.342	20.327	0.127	0.981	5000.0
262	3.592	20.131	1.721	15.128	0.077	0.989	2000.0
263	4.01	22.923	2.061	17.767	0.082	0.982	3000.0
264	3.45	19.762	1.768	16.412	0.079	0.986	3000.0
265	4.901	26.927	2.458	22.125	0.107	0.974	2000.0
266	2.848	15.581	1.331	11.726	0.086	0.99	9000.0
267	3.647	20.339	1.745	15.766	0.087	0.986	2000.0
268	2.978	16.985	1.415	13.356	0.077	0.988	4000.0
269	3.834	21.261	1.71	15.859	0.094	0.987	5000.0
270	3.971	22.666	1.949	18.27	0.084	0.982	3000.0
271	3.236	18.184	1.56	14.8	0.095	0.982	3000.0
272	3.266	18.098	1.45	13.169	0.074	0.989	8000.0
273	4.151	23.654	2.053	18.744	0.108	0.979	2000.0
274	2.827	15.586	1.572	13.989	0.064	0.988	3000.0
275	3.686	20.479	1.808	17.427	0.096	0.982	4000.0
276	3.51	19.764	1.692	15.692	0.087	0.986	3000.0
277	4.361	24.312	2.089	19.296	0.095	0.979	2000.0
278	4.008	22.656	1.924	18.043	0.087	0.984	5000.0
279	3.342	18.666	1.619	15.277	0.073	0.985	5000.0
280	3.519	19.878	1.671	15.506	0.076	0.99	3000.0
281	3.9	22.556	2.055	19.267	0.091	0.978	2000.0
282	3.472	20.029	1.755	15.787	0.094	0.987	3000.0
283	3.293	18.395	1.535	14.606	0.081	0.984	2000.0
284	4.889	27.546	2.444	23.099	0.171	0.963	31000.0
285	4.71	26.236	2.129	20.686	0.112	0.975	3000.0
286	4.627	26.539	2.421	23.706	0.108	0.965	3000.0
287	3.305	18.687	1.711	15.929	0.089	0.983	3000.0
288	3.349	18.792	1.744	15.881	0.053	0.988	3000.0
289	3.223	17.937	1.579	13.7	0.067	0.991	8000.0
290	3.239	18.113	1.63	14.644	0.071	0.989	3000.0
291	4.089	23.061	1.88	16.991	0.093	0.982	11000.0
292	2.746	15.066	1.304	11.446	0.056	0.992	5000.0
293	4.134	23.1	1.901	18.541	0.116	0.978	5000.0
294	3.85	21.538	1.839	16.827	0.1	0.978	3000.0
295	4.612	26.223	2.272	19.964	0.123	0.97	2000.0
296	4.787	26.753	2.271	20.07	0.119	0.977	3000.0
297	3.073	17.278	1.529	13.168	0.075	0.991	3000.0
298	4.063	23.569	1.887	17.155	0.117	0.978	3000.0
299	4.04	23.196	1.902	17.699	0.098	0.981	3000.0
300	4.234	23.937	2.08	19.0	0.107	0.98	4000.0
301	4.591	26.482	2.24	21.228	0.106	0.976	2000.0
302	5.168	29.796	2.544	24.575	0.128	0.968	4000.0
303	4.115	23.822	2.051	20.13	0.1	0.973	3000.0
304	3.975	22.238	1.963	17.358	0.105	0.985	2000.0
305	4.171	23.35	2.162	18.979	0.084	0.986	5000.0
306	3.553	20.322	1.84	16.621	0.088	0.985	2000.0
307	6.334	35.505	3.225	30.69	0.129	0.954	3000.0
308	4.864	27.211	2.378	20.865	0.105	0.982	3000.0
309	2.639	15.17	1.322	12.506	0.048	0.992	2000.0
310	3.572	20.107	1.7	15.926	0.092	0.986	5000.0
311	5.181	28.458	2.54	22.185	0.113	0.974	3000.0
312	3.636	20.039	1.774	16.588	0.074	0.98	4000.0
313	5.338	30.11	2.512	23.933	0.137	0.967	2000.0
314	3.872	22.293	1.81	15.922	0.101	0.988	2000.0
315	5.016	27.619	2.245	22.879	0.116	0.968	3000.0
316	4.162	23.631	1.995	19.606	0.094	0.976	3000.0
317	5.012	27.951	2.615	23.103	0.1	0.968	2000.0
318	3.49	19.437	1.878	17.306	0.103	0.973	4000.0
319	3.752	21.455	1.846	17.413	0.099	0.98	2000.0
320	5.358	29.486	2.734	25.483	0.097	0.959	3000.0
321	3.982	22.636	2.134	19.445	0.088	0.978	2000.0
322	3.909	22.177	2.02	17.882	0.066	0.981	4000.0
323	4.251	23.677	1.859	16.658	0.109	0.984	4000.0
324	5.004	28.253	2.467	24.766	0.109	0.965	2000.0
325	3.738	21.488	1.963	17.676	0.073	0.983	2000.0
326	2.413	13.667	1.196	10.225	0.054	0.995	3000.0
327	4.212	24.484	2.22	20.17	0.074	0.975	4000.0
328	3.786	21.482	1.707	16.575	0.109	0.98	3000.0
329	3.966	22.605	1.888	17.81	0.098	0.983	7000.0
330	3.142	17.798	1.493	13.764	0.08	0.989	2000.0
331	3.099	17.406	1.517	14.247	0.08	0.988	3000.0
332	4.249	24.121	2.043	18.164	0.102	0.979	2000.0
333	3.505	19.43	1.768	14.79	0.073	0.988	3000.0
334	3.688	21.176	1.884	16.865	0.084	0.985	3000.0
335	3.271	18.472	1.63	14.826	0.072	0.989	3000.0
336	3.263	18.177	1.696	15.362	0.07	0.986	4000.0
337	3.98	22.163	1.898	18.139	0.093	0.983	5000.0
338	3.444	19.561	1.735	16.434	0.075	0.986	3000.0
339	3.915	22.614	1.992	18.191	0.085	0.98	3000.0
340	5.123	28.758	2.325	22.279	0.131	0.967	4000.0
341	4.432	24.838	2.224	19.895	0.131	0.979	2000.0
342	4.884	27.33	2.337	20.836	0.122	0.975	2000.0
343	3.163	17.725	1.558	14.01	0.08	0.989	5000.0
344	4.663	26.425	2.306	21.128	0.1	0.983	3000.0
345	4.054	22.544	1.968	17.806	0.091	0.982	3000.0
346	4.949	28.161	2.491	22.478	0.122	0.966	3000.0
347	2.864	16.42	1.584	13.782	0.055	0.989	8000.0
348	3.319	19.171	1.619	14.891	0.081	0.985	3000.0
349	3.542	19.385	1.77	15.817	0.093	0.983	3000.0
350	2.706	15.131	1.193	10.745	0.074	0.992	16000.0
351	4.155	23.219	1.994	18.933	0.085	0.979	3000.0
352	3.51	19.516	1.645	14.675	0.072	0.99	3000.0
353	2.962	16.281	1.521	12.615	0.066	0.991	3000.0
354	3.547	20.153	1.701	15.966	0.083	0.986	4000.0
355	4.594	25.916	2.258	21.114	0.089	0.978	2000.0
356	3.013	17.22	1.464	14.299	0.061	0.987	4000.0
357	4.451	25.126	2.194	19.264	0.124	0.981	4000.0
358	5.783	33.155	2.959	29.469	0.147	0.937	5000.0
359	5.433	30.412	2.661	25.106	0.115	0.97	3000.0
360	3.542	20.031	1.614	14.84	0.084	0.989	3000.0
361	5.786	33.26	2.874	27.725	0.142	0.963	2000.0
362	4.025	22.922	1.973	18.604	0.09	0.981	7000.0
363	4.019	22.614	1.885	17.582	0.102	0.984	3000.0
364	3.06	16.683	1.47	12.575	0.065	0.991	3000.0
365	3.342	18.423	1.548	13.342	0.09	0.989	3000.0
366	2.952	16.394	1.454	12.406	0.075	0.991	5000.0
367	3.624	20.314	2.024	18.004	0.096	0.98	2000.0
368	4.198	23.986	2.104	20.144	0.084	0.98	3000.0
369	3.459	18.954	1.655	14.795	0.095	0.986	7000.0
370	5.981	33.868	2.89	28.46	0.145	0.953	2000.0
371	3.387	19.786	1.775	14.862	0.102	0.987	4000.0
372	4.451	25.581	2.327	21.76	0.121	0.968	4000.0
373	4.792	26.947	2.306	21.806	0.108	0.975	5000.0
374	3.548	19.98	1.686	14.871	0.086	0.988	15000.0
375	4.015	22.826	1.937	17.91	0.084	0.984	4000.0
376	3.629	21.11	1.816	17.013	0.071	0.982	3000.0
377	3.317	18.928	1.513	13.743	0.108	0.988	2000.0
378	3.656	20.934	1.842	16.725	0.084	0.982	4000.0
379	3.699	20.762	1.667	15.517	0.087	0.988	3000.0
380	5.703	32.11	2.952	26.909	0.108	0.961	3000.0
381	4.685	26.739	2.138	20.014	0.109	0.977	4000.0
382	3.092	17.727	1.576	14.787	0.064	0.988	2000.0
383	2.97	15.975	1.374	12.69	0.078	0.989	3000.0
384	3.985	22.381	1.881	17.723	0.113	0.98	3000.0
385	3.259	17.936	1.585	14.075	0.064	0.989	4000.0
386	3.491	19.664	1.73	16.062	0.081	0.985	12000.0
387	4.988	28.037	2.348	21.944	0.138	0.975	4000.0
388	4.442	25.018	2.17	19.719	0.121	0.981	4000.0
389	4.564	25.126	2.22	20.343	0.109	0.982	3000.0
390	4.036	22.984	2.094	18.556	0.091	0.98	3000.0
391	3.639	20.594	1.832	16.714	0.083	0.989	2000.0
392	5.448	30.631	2.504	23.213	0.133	0.971	5000.0
393	2.076	11.715	0.937	8.342	0.057	0.996	18000.0
394	4.266	23.936	2.2	20.91	0.075	0.974	3000.0
395	3.236	18.33	1.531	13.533	0.073	0.991	4000.0
396	3.061	16.957	1.54	13.095	0.07	0.991	2000.0
397	4.295	24.055	2.133	19.757	0.099	0.98	4000.0
398	3.233	18.045	1.603	14.256	0.065	0.988	4000.0
399	4.229	23.263	2.14	19.366	0.074	0.981	2000.0
400	3.453	19.59	1.692	15.854	0.107	0.984	3000.0
401	3.475	20.136	1.694	16.183	0.068	0.984	5000.0
402	2.582	14.527	1.324	11.448	0.057	0.994	2000.0
403	4.122	23.755	2.055	18.826	0.108	0.978	2000.0
404	3.529	20.315	1.773	16.055	0.102	0.984	3000.0
405	3.245	18.208	1.589	14.769	0.087	0.987	3000.0
406	3.173	17.934	1.544	13.865	0.111	0.988	3000.0
407	3.454	19.465	1.707	15.462	0.085	0.983	3000.0
408	4.825	27.964	2.256	20.827	0.134	0.976	2000.0
409	3.37	19.023	1.687	14.891	0.086	0.988	2000.0
410	2.736	15.297	1.381	12.659	0.051	0.989	4000.0
411	5.22	29.836	2.532	24.795	0.105	0.958	2000.0
412	4.143	23.15	2.018	19.186	0.092	0.977	3000.0
413	3.27	18.328	1.666	15.219	0.074	0.987	3000.0
414	2.998	17.096	1.513	13.432	0.09	0.99	35000.0
415	4.752	26.252	2.129	19.456	0.12	0.979	4000.0
416	4.101	22.744	2.026	18.282	0.091	0.981	4000.0
417	4.803	27.605	2.446	23.025	0.092	0.964	3000.0
418	3.959	22.279	1.912	17.406	0.084	0.984	2000.0
419	4.429	24.985	2.188	20.317	0.082	0.98	2000.0
420	4.321	24.7	2.077	19.371	0.103	0.98	3000.0
421	3.647	20.379	1.71	15.392	0.075	0.987	3000.0
422	3.095	17.567	1.437	12.668	0.084	0.99	2000.0
423	3.085	17.164	1.501	13.089	0.062	0.992	2000.0
424	3.55	19.825	1.721	15.513	0.09	0.988	2000.0
425	5.17	29.541	2.491	23.052	0.119	0.972	2000.0
426	3.079	17.527	1.542	14.619	0.062	0.987	2000.0
427	4.074	22.742	2.087	18.556	0.091	0.984	12000.0
428	3.382	18.776	1.778	15.625	0.06	0.986	5000.0
429	3.912	21.201	1.846	16.901	0.108	0.979	8000.0
430	3.928	22.058	1.878	17.498	0.118	0.98	2000.0
431	4.608	26.329	2.178	20.967	0.115	0.976	4000.0
432	2.873	15.83	1.384	12.238	0.064	0.992	4000.0
433	5.197	30.074	2.478	23.501	0.139	0.968	2000.0
434	3.75	21.252	1.882	16.064	0.075	0.988	3000.0
435	3.261	18.064	1.686	14.58	0.071	0.989	3000.0
436	3.811	20.897	1.892	17.021	0.083	0.982	3000.0
437	4.413	24.672	2.094	18.898	0.103	0.979	2000.0
438	4.789	27.058	2.427	23.647	0.099	0.971	2000.0
439	2.657	14.769	1.186	10.399	0.062	0.994	2000.0
440	3.402	19.171	1.713	15.875	0.067	0.986	3000.0
441	5.331	28.979	2.427	21.752	0.145	0.971	3000.0
442	4.12	23.287	2.054	19.455	0.093	0.976	4000.0
443	3.728	20.901	1.792	15.357	0.085	0.992	5000.0
444	3.925	22.096	1.81	16.246	0.102	0.986	4000.0
445	3.03	17.296	1.501	13.383	0.091	0.99	4000.0
446	3.501	19.377	1.749	14.9	0.075	0.987	2000.0
447	4.125	22.398	2.142	18.783	0.085	0.98	2000.0
448	3.78	20.953	1.715	15.414	0.087	0.986	3000.0
449	3.649	20.016	1.601	14.722	0.112	0.984	6000.0
450	4.045	22.279	2.021	17.816	0.087	0.983	4000.0
451	3.572	19.888	1.733	16.681	0.072	0.984	2000.0
452	3.54	20.048	1.604	14.291	0.092	0.989	3000.0
453	5.125	29.311	2.545	23.219	0.122	0.966	5000.0
454	4.205	23.739	2.051	18.629	0.105	0.98	3000.0
455	3.018	16.706	1.453	12.753	0.066	0.992	3000.0
456	4.625	25.868	2.298	20.969	0.102	0.978	4000.0
457	3.553	19.851	1.681	16.178	0.074	0.981	2000.0
458	3.87	21.849	2.132	18.809	0.074	0.98	2000.0
459	3.634	20.964	1.77	16.288	0.069	0.988	3000.0
460	4.409	24.32	2.132	19.104	0.134	0.976	3000.0
461	3.359	18.571	1.766	14.944	0.067	0.988	3000.0
462	4.358	23.971	2.013	18.022	0.121	0.982	2000.0
463	3.914	21.778	1.802	16.43	0.092	0.987	2000.0
464	3.939	22.38	2.122	19.833	0.063	0.98	2000.0
465	3.441	19.162	1.646	14.326	0.084	0.988	3000.0
466	3.57	19.784	1.695	15.138	0.09	0.987	5000.0
467	2.431	13.839	1.213	10.721	0.057	0.993	5000.0
468	4.442	24.579	2.23	21.036	0.097	0.976	4000.0
469	3.798	21.183	1.809	16.293	0.104	0.983	2000.0
470	4.83	27.034	2.426	22.593	0.118	0.977	2000.0
471	3.855	21.776	1.91	16.939	0.09	0.983	7000.0
472	4.439	25.448	2.055	19.118	0.108	0.98	5000.0
473	4.214	23.784	2.13	19.323	0.099	0.982	10000.0
474	3.347	18.394	1.642	14.986	0.092	0.987	4000.0
475	4.354	24.795	2.011	18.652	0.119	0.981	5000.0
476	3.764	20.896	1.824	17.241	0.094	0.982	2000.0
477	3.528	19.697	1.906	17.189	0.094	0.983	5000.0
478	3.142	17.771	1.59	14.586	0.087	0.986	5000.0
479	2.372	13.198	1.167	10.44	0.046	0.994	2000.0
480	4.134	23.372	2.059	18.85	0.087	0.98	4000.0
481	4.231	23.81	2.104	21.284	0.098	0.974	4000.0
482	4.654	26.302	2.288	21.67	0.103	0.976	3000.0
483	3.354	18.707	1.464	12.428	0.085	0.992	2000.0
484	3.026	16.597	1.313	12.06	0.084	0.991	5000.0
485	3.455	19.677	1.725	15.691	0.075	0.99	2000.0
486	4.285	23.937	2.21	20.197	0.1	0.974	3000.0
487	3.88	21.539	1.991	18.241	0.083	0.982	7000.0
488	4.354	24.507	2.216	19.937	0.091	0.974	3000.0
489	4.925	28.524	2.338	22.482	0.121	0.968	2000.0
490	4.12	23.366	1.954	17.174	0.093	0.985	3000.0
491	2.692	15.313	1.179	10.56	0.073	0.994	8000.0
492	4.696	26.09	2.195	20.167	0.118	0.978	4000.0
493	3.797	21.156	1.898	16.553	0.081	0.983	2000.0
494	4.578	25.427	2.379	20.947	0.089	0.976	4000.0
495	5.129	28.475	2.678	23.295	0.109	0.964	2000.0
496	4.512	24.944	2.119	19.618	0.102	0.982	2000.0
497	3.533	20.102	1.734	15.61	0.068	0.986	2000.0
498	4.664	25.823	2.362	21.495	0.094	0.974	2000.0
499	2.635	14.892	1.339	11.424	0.075	0.992	4000.0
500	3.452	19.508	1.628	14.732	0.09	0.99	3000.0
