NMF_Replicate	L1	L1 %	L2	L2 %	KL Divergence	Correlation	Convergence Iterations
1	2.047	11.438	1.034	9.929	0.055	0.992	2000.0
2	2.803	15.784	1.47	13.697	0.063	0.983	4000.0
3	3.101	17.452	1.423	13.481	0.057	0.99	3000.0
4	1.993	10.455	1.016	9.535	0.063	0.991	4000.0
5	3.415	19.497	1.781	16.515	0.058	0.985	2000.0
6	2.884	16.591	1.424	13.179	0.057	0.989	3000.0
7	3.591	20.403	1.886	17.845	0.059	0.98	4000.0
8	3.733	20.749	1.665	15.598	0.099	0.986	3000.0
9	1.867	10.348	0.954	9.02	0.051	0.994	3000.0
10	3.432	19.58	1.724	15.66	0.079	0.988	3000.0
11	2.734	15.553	1.472	12.518	0.045	0.993	4000.0
12	3.273	18.407	1.609	15.697	0.067	0.986	4000.0
13	3.192	18.048	1.549	13.614	0.076	0.99	4000.0
14	2.678	15.068	1.263	12.727	0.084	0.985	2000.0
15	3.052	17.15	1.426	13.855	0.069	0.986	2000.0
16	3.499	19.6	1.788	17.165	0.06	0.982	2000.0
17	2.847	15.874	1.349	12.01	0.063	0.992	3000.0
18	1.86	10.849	1.061	9.774	0.037	0.994	3000.0
19	4.423	24.712	2.039	19.619	0.101	0.977	4000.0
20	3.112	17.356	1.582	15.167	0.044	0.985	4000.0
21	3.337	18.578	1.604	14.376	0.073	0.988	4000.0
22	3.577	19.634	1.844	17.21	0.089	0.981	2000.0
23	2.54	14.734	1.375	12.991	0.044	0.99	4000.0
24	4.015	22.465	1.937	18.725	0.084	0.98	3000.0
25	2.614	14.861	1.279	11.468	0.042	0.993	3000.0
26	1.825	10.069	0.93	7.533	0.044	0.997	2000.0
27	1.908	10.984	1.066	9.399	0.03	0.994	4000.0
28	2.175	12.427	1.305	11.656	0.078	0.991	2000.0
29	3.308	18.569	1.538	14.487	0.066	0.99	10000.0
30	3.283	18.121	1.643	15.615	0.064	0.984	4000.0
31	2.374	13.346	1.257	12.137	0.046	0.988	7000.0
32	4.069	22.954	2.081	18.921	0.098	0.981	3000.0
33	3.02	17.167	1.446	13.398	0.059	0.99	3000.0
34	2.902	16.689	1.334	12.061	0.076	0.99	2000.0
35	3.188	17.931	1.664	14.543	0.06	0.988	3000.0
36	2.362	13.12	1.258	11.229	0.067	0.992	4000.0
37	3.35	19.141	1.68	16.436	0.067	0.982	5000.0
38	2.725	15.399	1.371	12.22	0.054	0.992	3000.0
39	2.277	12.967	1.045	9.726	0.043	0.994	5000.0
40	3.56	19.655	1.842	17.192	0.064	0.981	6000.0
41	1.373	7.798	0.697	6.396	0.027	0.996	3000.0
42	2.361	12.88	1.129	9.638	0.06	0.993	5000.0
43	4.012	22.701	2.072	19.33	0.063	0.98	3000.0
44	1.777	9.643	0.93	8.344	0.033	0.995	2000.0
45	2.399	13.701	1.198	11.359	0.037	0.992	2000.0
46	2.725	15.312	1.39	12.228	0.057	0.992	4000.0
47	2.437	13.779	1.262	11.235	0.043	0.995	15000.0
48	2.657	15.223	1.316	12.673	0.063	0.989	15000.0
49	3.654	20.336	1.947	17.394	0.066	0.985	2000.0
50	3.44	19.485	1.688	14.922	0.081	0.989	3000.0
51	2.187	12.277	1.238	11.299	0.054	0.992	3000.0
52	3.568	20.335	1.74	16.732	0.082	0.985	2000.0
53	3.039	16.523	1.539	13.304	0.077	0.986	3000.0
54	2.813	15.897	1.381	13.188	0.064	0.989	3000.0
55	2.083	11.669	1.154	10.509	0.036	0.992	3000.0
56	3.207	17.478	1.445	13.375	0.076	0.99	2000.0
57	2.551	14.333	1.175	10.604	0.055	0.994	7000.0
58	3.075	17.286	1.505	14.048	0.072	0.987	5000.0
59	2.319	13.185	1.299	10.892	0.026	0.993	3000.0
60	2.999	16.686	1.519	14.407	0.062	0.985	4000.0
61	4.382	24.012	2.02	20.511	0.104	0.973	3000.0
62	2.628	15.0	1.261	11.623	0.052	0.992	3000.0
63	2.719	15.108	1.379	12.918	0.053	0.989	4000.0
64	3.19	17.606	1.545	14.204	0.076	0.986	2000.0
65	3.129	17.713	1.555	15.511	0.069	0.985	4000.0
66	2.348	13.228	1.215	11.182	0.038	0.993	5000.0
67	2.822	15.606	1.46	13.381	0.066	0.989	4000.0
68	3.441	19.118	1.683	15.273	0.075	0.984	10000.0
69	2.753	15.756	1.46	13.848	0.044	0.988	5000.0
70	2.835	15.452	1.653	13.505	0.034	0.99	2000.0
71	3.054	16.777	1.495	14.038	0.06	0.989	4000.0
72	2.393	13.613	1.195	10.582	0.051	0.994	4000.0
73	2.17	12.022	1.167	11.176	0.059	0.992	2000.0
74	3.135	17.386	1.71	15.018	0.049	0.986	5000.0
75	2.821	15.567	1.36	12.209	0.033	0.991	3000.0
76	3.049	17.551	1.582	14.777	0.051	0.987	4000.0
77	3.88	21.826	1.826	16.411	0.108	0.984	4000.0
78	4.412	25.006	2.169	20.216	0.095	0.977	8000.0
79	2.261	12.731	1.215	11.04	0.041	0.993	4000.0
80	2.272	12.646	1.105	10.126	0.033	0.995	4000.0
81	3.006	17.248	1.498	14.542	0.092	0.98	2000.0
82	2.542	14.158	1.348	12.288	0.042	0.99	4000.0
83	2.66	14.822	1.377	12.261	0.045	0.987	4000.0
84	2.397	13.335	1.203	10.941	0.04	0.993	4000.0
85	2.751	15.64	1.43	13.201	0.06	0.989	3000.0
86	2.362	13.243	1.186	11.2	0.045	0.992	4000.0
87	2.49	13.646	1.254	10.85	0.064	0.993	2000.0
88	3.509	20.263	1.649	15.566	0.078	0.986	3000.0
89	3.821	21.47	1.957	18.209	0.067	0.984	3000.0
90	3.443	19.575	1.832	16.487	0.07	0.986	3000.0
91	2.361	13.08	1.179	10.187	0.058	0.995	5000.0
92	2.719	15.473	1.502	13.898	0.061	0.986	3000.0
93	2.678	15.147	1.486	12.957	0.032	0.992	4000.0
94	3.889	22.045	1.999	18.721	0.08	0.978	29000.0
95	4.482	25.174	2.288	21.7	0.086	0.974	4000.0
96	2.021	11.138	1.044	9.161	0.031	0.995	4000.0
97	2.061	11.563	1.076	9.896	0.035	0.994	3000.0
98	4.283	24.511	2.205	20.573	0.092	0.98	3000.0
99	3.751	20.99	1.931	17.022	0.083	0.984	3000.0
100	3.044	16.529	1.572	13.88	0.041	0.987	4000.0
101	1.81	10.172	1.013	9.801	0.044	0.991	4000.0
102	2.169	12.002	1.242	10.736	0.031	0.992	4000.0
103	2.656	15.016	1.283	11.945	0.06	0.992	4000.0
104	3.096	17.771	1.605	14.252	0.056	0.989	2000.0
105	2.69	15.188	1.388	11.985	0.063	0.993	3000.0
106	3.003	17.102	1.573	14.72	0.085	0.986	8000.0
107	3.831	21.493	1.891	18.023	0.088	0.979	3000.0
108	2.308	12.96	1.297	12.149	0.083	0.988	2000.0
109	3.603	20.203	1.669	15.685	0.093	0.983	4000.0
110	3.699	20.84	1.851	17.278	0.086	0.986	3000.0
111	3.806	21.958	1.925	18.022	0.092	0.984	6000.0
112	1.95	11.149	0.989	9.338	0.057	0.994	8000.0
113	4.073	23.286	2.096	19.111	0.076	0.979	3000.0
114	1.505	8.715	0.763	6.8	0.037	0.997	6000.0
115	3.538	19.629	1.776	16.777	0.061	0.984	4000.0
116	2.757	14.958	1.369	12.244	0.053	0.991	2000.0
117	3.138	17.965	1.781	16.321	0.075	0.977	12000.0
118	2.516	14.066	1.277	13.061	0.057	0.988	4000.0
119	4.136	23.052	1.902	18.172	0.109	0.978	5000.0
120	3.326	18.887	1.608	14.746	0.068	0.988	2000.0
121	2.575	14.276	1.29	11.94	0.055	0.992	4000.0
122	3.102	17.617	1.52	14.077	0.078	0.988	2000.0
123	2.316	12.686	1.158	11.645	0.051	0.989	6000.0
124	3.076	17.221	1.577	14.006	0.059	0.991	2000.0
125	2.753	15.199	1.359	11.804	0.066	0.992	3000.0
126	2.605	14.489	1.412	12.509	0.05	0.99	4000.0
127	2.688	15.4	1.384	13.538	0.058	0.987	2000.0
128	2.782	15.371	1.427	12.71	0.05	0.989	4000.0
129	4.473	24.526	2.066	19.115	0.104	0.977	12000.0
130	3.222	18.094	1.6	15.732	0.047	0.986	2000.0
131	3.133	17.506	1.593	14.423	0.071	0.987	29000.0
132	2.301	12.944	1.311	11.555	0.057	0.993	9000.0
133	3.424	19.301	1.706	16.6	0.063	0.984	4000.0
134	1.431	7.938	0.803	7.527	0.028	0.996	3000.0
135	3.309	19.046	1.618	15.308	0.064	0.987	16000.0
136	3.941	21.548	2.195	19.603	0.06	0.975	6000.0
137	2.13	12.109	1.101	9.69	0.062	0.995	42000.0
138	2.192	12.315	1.156	9.963	0.067	0.993	3000.0
139	3.74	21.374	1.859	17.205	0.095	0.982	4000.0
140	1.522	8.616	0.858	7.254	0.026	0.997	12000.0
141	3.0	16.691	1.405	12.51	0.065	0.992	4000.0
142	2.739	15.68	1.369	12.458	0.043	0.991	3000.0
143	3.152	17.706	1.578	14.156	0.061	0.989	3000.0
144	2.117	11.896	1.034	9.674	0.051	0.994	6000.0
145	3.37	19.443	1.732	16.484	0.075	0.984	5000.0
146	3.598	19.874	1.783	16.964	0.087	0.98	2000.0
147	3.123	17.775	1.671	14.829	0.072	0.989	2000.0
148	3.981	22.932	2.075	20.154	0.074	0.978	5000.0
149	2.732	15.388	1.392	13.408	0.054	0.99	4000.0
150	3.251	18.573	1.487	13.619	0.097	0.988	12000.0
151	1.659	9.218	0.917	8.123	0.04	0.995	3000.0
152	1.961	11.334	1.036	9.332	0.028	0.993	2000.0
153	3.245	18.405	1.695	15.691	0.055	0.986	5000.0
154	2.906	16.887	1.531	14.375	0.058	0.986	5000.0
155	3.745	20.982	1.96	18.598	0.079	0.978	2000.0
156	2.074	11.426	1.064	9.5	0.044	0.994	5000.0
157	3.982	22.163	1.952	16.793	0.073	0.986	3000.0
158	1.631	8.983	0.824	7.418	0.037	0.996	9000.0
159	3.076	17.277	1.584	14.423	0.056	0.988	3000.0
160	2.906	16.418	1.379	12.612	0.069	0.99	2000.0
161	3.318	18.932	1.646	15.407	0.064	0.984	3000.0
162	3.523	20.467	1.88	17.661	0.071	0.98	3000.0
163	2.675	14.775	1.331	11.438	0.072	0.992	4000.0
164	1.879	10.924	0.924	8.41	0.047	0.995	4000.0
165	2.181	12.149	1.165	10.811	0.034	0.992	3000.0
166	3.793	21.622	2.101	19.217	0.055	0.978	3000.0
167	1.9	10.658	1.123	11.023	0.044	0.988	3000.0
168	3.458	19.574	1.843	16.757	0.072	0.981	4000.0
169	4.16	24.41	2.196	22.665	0.09	0.963	3000.0
170	3.823	21.351	1.911	17.453	0.078	0.983	3000.0
171	2.256	12.81	1.208	11.494	0.04	0.991	2000.0
172	2.9	16.31	1.537	13.924	0.05	0.988	2000.0
173	3.849	21.723	1.862	17.946	0.067	0.982	3000.0
174	1.866	10.416	1.031	9.425	0.039	0.994	10000.0
175	2.8	16.026	1.321	11.903	0.057	0.993	4000.0
176	3.629	20.66	1.74	16.276	0.078	0.986	6000.0
177	2.215	12.635	1.128	10.149	0.05	0.994	3000.0
178	2.517	14.519	1.344	11.617	0.045	0.994	2000.0
179	2.884	16.476	1.467	13.569	0.063	0.99	2000.0
180	2.344	13.215	1.177	11.578	0.048	0.989	3000.0
181	2.849	16.075	1.354	11.913	0.061	0.992	3000.0
182	3.488	19.627	1.796	17.085	0.067	0.984	2000.0
183	3.717	21.322	1.982	18.07	0.061	0.985	5000.0
184	2.935	16.787	1.543	13.501	0.069	0.989	46000.0
185	3.352	18.497	1.687	15.269	0.073	0.987	5000.0
186	2.028	11.536	1.024	10.566	0.035	0.992	4000.0
187	3.906	22.38	2.079	20.611	0.067	0.973	3000.0
188	3.484	19.335	1.6	14.398	0.085	0.988	3000.0
189	2.294	13.033	1.196	10.97	0.035	0.992	3000.0
190	3.168	18.563	1.526	14.528	0.074	0.986	3000.0
191	2.627	14.682	1.426	12.778	0.045	0.991	5000.0
192	2.731	15.81	1.552	14.416	0.053	0.984	2000.0
193	3.128	17.762	1.714	16.068	0.081	0.984	3000.0
194	3.28	18.009	1.475	14.58	0.063	0.988	4000.0
195	3.795	21.556	1.861	16.349	0.086	0.988	4000.0
196	2.161	12.512	1.167	10.361	0.062	0.994	7000.0
197	2.237	12.262	1.224	10.673	0.051	0.992	11000.0
198	3.322	19.044	1.761	16.011	0.054	0.987	5000.0
199	3.59	20.19	1.829	16.275	0.073	0.988	5000.0
200	2.775	15.534	1.435	13.298	0.063	0.989	4000.0
201	2.747	15.556	1.462	12.704	0.045	0.99	3000.0
202	3.02	16.683	1.532	14.351	0.053	0.987	2000.0
203	4.136	23.087	1.962	18.132	0.089	0.981	4000.0
204	2.904	16.16	1.595	14.912	0.059	0.985	2000.0
205	2.223	12.472	1.097	10.527	0.042	0.993	2000.0
206	3.43	19.19	1.629	16.143	0.067	0.982	4000.0
207	3.47	19.699	1.707	15.563	0.083	0.986	4000.0
208	2.484	14.038	1.331	11.875	0.069	0.992	2000.0
209	3.593	20.175	1.817	15.466	0.085	0.987	3000.0
210	2.53	13.895	1.23	11.156	0.063	0.991	2000.0
211	3.101	17.017	1.451	13.771	0.067	0.989	2000.0
212	3.942	21.763	2.037	17.981	0.068	0.984	4000.0
213	2.454	13.467	1.161	10.503	0.05	0.994	4000.0
214	3.296	18.49	1.588	14.477	0.058	0.989	3000.0
215	2.257	12.824	1.231	10.476	0.042	0.993	2000.0
216	3.167	18.046	1.559	14.401	0.081	0.988	2000.0
217	3.749	21.079	1.81	17.346	0.072	0.983	3000.0
218	3.705	20.985	1.908	17.287	0.068	0.988	10000.0
219	2.586	14.597	1.381	12.115	0.03	0.991	4000.0
220	3.804	21.886	1.858	17.125	0.088	0.983	2000.0
221	2.751	15.698	1.368	12.814	0.049	0.99	2000.0
222	2.546	14.712	1.267	11.361	0.058	0.994	3000.0
223	2.419	13.608	1.246	10.766	0.046	0.993	8000.0
224	2.998	16.893	1.505	13.843	0.061	0.987	3000.0
225	2.712	15.086	1.399	12.864	0.041	0.989	14000.0
226	2.64	14.674	1.399	11.48	0.049	0.996	4000.0
227	2.353	13.167	1.224	11.035	0.042	0.993	2000.0
228	2.267	13.076	1.186	10.245	0.049	0.993	3000.0
229	2.672	15.374	1.385	12.744	0.052	0.989	4000.0
230	3.052	17.232	1.595	15.105	0.074	0.986	6000.0
231	2.692	15.329	1.334	12.458	0.05	0.991	3000.0
232	1.617	9.097	0.929	7.975	0.042	0.996	24000.0
233	3.043	17.102	1.551	14.121	0.058	0.989	3000.0
234	3.222	18.394	1.565	15.019	0.066	0.982	6000.0
235	2.735	15.864	1.414	12.899	0.055	0.989	2000.0
236	3.239	17.942	1.7	15.362	0.079	0.986	2000.0
237	1.346	7.508	0.752	7.014	0.022	0.997	3000.0
238	2.702	15.312	1.352	12.697	0.069	0.99	5000.0
239	1.67	9.594	0.851	7.493	0.032	0.997	4000.0
240	2.504	14.276	1.216	10.928	0.057	0.992	4000.0
241	2.761	15.688	1.31	11.98	0.062	0.99	4000.0
242	2.222	12.616	1.09	10.061	0.039	0.994	3000.0
243	3.936	22.66	2.058	18.835	0.068	0.975	2000.0
244	1.188	6.331	0.603	5.762	0.035	0.996	2000.0
245	3.014	16.754	1.587	15.815	0.079	0.98	4000.0
246	3.608	20.13	1.805	17.258	0.114	0.975	8000.0
247	3.633	20.888	1.795	16.992	0.065	0.983	4000.0
248	2.065	11.67	0.992	8.782	0.036	0.996	2000.0
249	2.408	13.524	1.219	11.722	0.063	0.99	4000.0
250	2.396	13.651	1.189	10.726	0.051	0.994	5000.0
251	3.175	17.937	1.663	15.821	0.071	0.986	3000.0
252	3.667	20.9	1.815	17.054	0.093	0.985	4000.0
253	3.01	16.824	1.432	13.746	0.068	0.989	3000.0
254	2.961	16.753	1.454	14.298	0.058	0.986	2000.0
255	1.572	8.759	0.821	6.806	0.034	0.998	4000.0
256	2.495	14.16	1.367	12.29	0.04	0.992	3000.0
257	4.05	23.218	1.95	18.847	0.082	0.98	2000.0
258	2.462	13.971	1.214	11.394	0.049	0.992	6000.0
259	3.427	18.961	1.685	16.035	0.066	0.985	3000.0
260	2.482	13.914	1.24	11.234	0.051	0.993	3000.0
261	3.554	20.125	1.797	15.814	0.08	0.987	3000.0
262	3.084	17.306	1.556	14.696	0.051	0.986	4000.0
263	3.082	17.559	1.536	13.354	0.063	0.992	4000.0
264	3.044	17.556	1.592	14.815	0.058	0.988	3000.0
265	2.948	16.74	1.543	13.579	0.059	0.992	3000.0
266	2.136	11.886	1.046	9.038	0.05	0.996	4000.0
267	2.203	12.586	1.06	9.807	0.055	0.994	3000.0
268	2.045	11.722	0.954	8.332	0.047	0.996	3000.0
269	2.818	15.812	1.331	12.324	0.065	0.991	3000.0
270	2.499	14.104	1.342	12.583	0.041	0.991	39000.0
271	1.972	10.945	1.013	9.475	0.045	0.995	5000.0
272	1.81	9.98	0.885	7.892	0.026	0.997	3000.0
273	2.727	15.499	1.451	14.053	0.08	0.984	5000.0
274	1.757	9.713	0.989	8.823	0.035	0.994	6000.0
275	2.979	16.396	1.494	13.672	0.061	0.989	7000.0
276	2.727	15.292	1.376	12.47	0.056	0.992	3000.0
277	3.197	17.953	1.584	15.311	0.076	0.983	3000.0
278	3.099	17.791	1.489	14.414	0.076	0.986	6000.0
279	1.986	11.133	0.988	9.342	0.035	0.994	18000.0
280	2.864	15.814	1.291	11.831	0.053	0.992	3000.0
281	2.567	14.379	1.316	12.12	0.053	0.99	3000.0
282	3.102	17.997	1.604	14.309	0.071	0.987	2000.0
283	2.246	12.158	1.101	10.468	0.048	0.99	2000.0
284	3.372	19.413	1.641	15.134	0.089	0.985	4000.0
285	3.332	19.14	1.622	15.61	0.08	0.984	5000.0
286	3.659	21.098	1.869	18.432	0.091	0.976	4000.0
287	2.832	16.474	1.482	13.851	0.058	0.986	2000.0
288	2.116	11.644	1.171	10.781	0.049	0.993	3000.0
289	2.03	11.258	1.003	8.696	0.041	0.996	3000.0
290	2.609	15.145	1.368	12.447	0.046	0.991	3000.0
291	1.872	10.585	0.92	8.038	0.039	0.997	3000.0
292	1.566	8.537	0.884	7.892	0.048	0.995	3000.0
293	2.783	15.322	1.342	12.852	0.05	0.99	3000.0
294	2.336	12.759	1.229	10.846	0.024	0.992	3000.0
295	2.868	15.981	1.415	12.38	0.069	0.993	5000.0
296	3.405	19.149	1.641	14.692	0.077	0.989	3000.0
297	2.368	13.09	1.125	9.844	0.05	0.994	4000.0
298	3.652	21.246	1.814	16.374	0.085	0.981	2000.0
299	3.288	18.59	1.53	13.918	0.077	0.99	3000.0
300	4.036	22.755	2.232	20.106	0.075	0.976	2000.0
301	2.145	12.351	1.083	10.722	0.052	0.991	2000.0
302	4.055	22.999	1.98	19.031	0.099	0.982	7000.0
303	3.809	22.345	2.018	19.954	0.071	0.974	3000.0
304	3.11	17.941	1.471	14.101	0.077	0.986	2000.0
305	2.727	15.112	1.266	10.817	0.061	0.993	7000.0
306	3.294	19.053	1.669	15.512	0.074	0.985	3000.0
307	3.732	20.891	1.852	17.668	0.089	0.982	45000.0
308	3.586	20.114	2.049	17.464	0.067	0.986	6000.0
309	1.708	9.311	0.891	8.283	0.028	0.996	3000.0
310	2.655	14.65	1.289	11.704	0.062	0.992	8000.0
311	2.671	14.769	1.359	12.44	0.068	0.992	4000.0
312	2.449	13.225	1.191	10.857	0.038	0.992	5000.0
313	4.184	23.577	2.19	20.601	0.078	0.976	2000.0
314	2.956	16.606	1.424	12.893	0.062	0.99	2000.0
315	3.443	19.079	1.717	17.023	0.074	0.984	4000.0
316	3.066	17.094	1.537	14.6	0.048	0.987	4000.0
317	3.537	19.454	1.841	16.543	0.088	0.978	2000.0
318	1.811	9.812	0.888	7.319	0.035	0.996	3000.0
319	2.645	15.164	1.355	12.596	0.057	0.991	20000.0
320	4.02	21.979	2.129	19.522	0.079	0.977	3000.0
321	2.292	12.874	1.196	10.876	0.04	0.994	4000.0
322	1.571	8.99	0.813	6.99	0.048	0.997	3000.0
323	3.02	16.865	1.445	12.931	0.075	0.989	8000.0
324	3.394	19.167	1.637	16.601	0.065	0.981	3000.0
325	2.932	16.708	1.589	13.996	0.045	0.99	2000.0
326	1.681	9.462	0.887	7.756	0.042	0.997	4000.0
327	2.686	14.655	1.389	12.985	0.057	0.988	13000.0
328	2.831	16.177	1.406	13.834	0.076	0.986	3000.0
329	2.555	14.511	1.391	13.031	0.064	0.989	4000.0
330	2.642	14.79	1.279	12.039	0.059	0.99	3000.0
331	2.434	13.41	1.377	12.99	0.065	0.988	2000.0
332	2.992	16.698	1.517	13.463	0.057	0.991	2000.0
333	1.679	9.661	0.867	7.194	0.037	0.997	2000.0
334	2.261	12.816	1.192	10.873	0.041	0.993	2000.0
335	2.58	14.515	1.336	12.093	0.048	0.992	3000.0
336	1.994	11.307	0.986	9.197	0.035	0.994	4000.0
337	3.196	17.976	1.522	15.075	0.071	0.987	4000.0
338	2.615	14.759	1.358	12.666	0.05	0.991	4000.0
339	2.57	14.764	1.357	12.434	0.048	0.991	3000.0
340	3.773	21.343	1.885	18.384	0.07	0.98	4000.0
341	2.546	14.098	1.436	12.964	0.053	0.991	3000.0
342	3.53	19.434	1.659	14.824	0.076	0.986	3000.0
343	2.942	16.624	1.526	13.705	0.052	0.99	2000.0
344	2.473	13.885	1.19	10.677	0.063	0.992	3000.0
345	3.419	19.491	1.656	15.268	0.072	0.988	3000.0
346	3.563	20.017	1.874	17.27	0.081	0.98	3000.0
347	2.148	12.546	1.183	10.57	0.033	0.994	3000.0
348	2.141	11.871	1.119	9.878	0.047	0.993	4000.0
349	3.005	17.287	1.577	13.9	0.065	0.991	3000.0
350	1.749	9.681	0.848	7.517	0.048	0.996	4000.0
351	2.214	12.901	1.139	11.214	0.044	0.991	4000.0
352	2.352	13.284	1.169	10.419	0.044	0.995	2000.0
353	1.177	6.445	0.632	5.278	0.029	0.998	3000.0
354	3.042	17.33	1.501	14.113	0.057	0.989	3000.0
355	3.372	19.056	1.677	15.584	0.058	0.987	5000.0
356	2.146	11.931	1.047	10.306	0.047	0.992	7000.0
357	3.207	18.351	1.694	15.694	0.078	0.987	4000.0
358	3.444	19.563	1.67	16.393	0.074	0.982	3000.0
359	4.11	22.894	1.934	18.694	0.08	0.978	2000.0
360	2.608	14.77	1.251	11.862	0.057	0.993	2000.0
361	2.687	15.122	1.26	12.643	0.057	0.99	3000.0
362	2.741	15.421	1.38	12.695	0.054	0.989	5000.0
363	3.537	20.39	1.741	16.357	0.074	0.979	4000.0
364	2.664	14.474	1.282	11.001	0.046	0.992	4000.0
365	2.869	16.434	1.455	13.711	0.05	0.987	2000.0
366	2.254	12.461	1.051	9.059	0.05	0.995	3000.0
367	2.683	14.706	1.579	13.702	0.062	0.989	3000.0
368	3.199	17.826	1.497	14.003	0.056	0.989	4000.0
369	3.242	18.611	1.634	15.508	0.072	0.979	4000.0
370	4.855	27.451	2.462	24.321	0.117	0.965	4000.0
371	1.926	11.097	1.086	9.029	0.054	0.994	5000.0
372	2.756	15.636	1.418	13.134	0.06	0.989	20000.0
373	3.632	20.445	1.738	16.369	0.071	0.983	2000.0
374	2.853	16.041	1.491	13.353	0.07	0.988	4000.0
375	3.192	18.116	1.746	15.618	0.057	0.989	3000.0
376	1.773	10.14	0.895	8.45	0.049	0.996	3000.0
377	3.191	18.377	1.556	14.667	0.075	0.989	3000.0
378	2.501	14.223	1.253	11.335	0.038	0.993	24000.0
379	2.34	13.238	1.187	11.228	0.06	0.992	4000.0
380	3.037	17.144	1.406	12.581	0.084	0.992	6000.0
381	2.891	16.092	1.327	12.462	0.06	0.992	4000.0
382	1.922	10.813	1.015	9.42	0.034	0.996	3000.0
383	2.046	11.183	1.004	9.632	0.041	0.994	3000.0
384	3.635	20.337	1.769	16.336	0.092	0.985	6000.0
385	2.369	13.49	1.184	11.132	0.045	0.991	3000.0
386	3.144	17.602	1.565	14.126	0.063	0.985	4000.0
387	3.377	18.806	1.618	15.276	0.064	0.99	2000.0
388	3.381	19.115	1.854	16.72	0.077	0.982	5000.0
389	3.024	17.128	1.518	14.596	0.065	0.987	3000.0
390	1.938	10.946	1.055	9.467	0.057	0.994	5000.0
391	2.593	14.295	1.243	11.368	0.049	0.992	9000.0
392	3.544	19.825	1.739	16.249	0.085	0.986	3000.0
393	1.931	10.894	0.915	8.1	0.039	0.997	5000.0
394	2.892	15.957	1.559	14.714	0.056	0.987	2000.0
395	2.632	14.733	1.332	11.638	0.048	0.993	5000.0
396	2.044	11.29	1.007	8.593	0.051	0.996	7000.0
397	3.292	18.646	1.652	15.512	0.061	0.988	2000.0
398	2.903	16.325	1.526	13.576	0.05	0.989	4000.0
399	1.568	8.666	0.883	8.185	0.031	0.996	3000.0
400	2.71	15.658	1.385	13.041	0.066	0.987	2000.0
401	2.525	14.45	1.23	11.767	0.046	0.99	7000.0
402	1.461	8.124	0.749	6.933	0.031	0.997	4000.0
403	2.732	15.768	1.384	12.515	0.049	0.991	4000.0
404	2.827	15.562	1.327	11.485	0.059	0.994	3000.0
405	2.804	15.332	1.422	12.828	0.045	0.989	2000.0
406	1.862	10.614	0.956	8.392	0.042	0.996	4000.0
407	2.547	14.229	1.27	11.105	0.048	0.992	8000.0
408	3.431	19.567	1.626	14.833	0.091	0.987	3000.0
409	2.24	12.744	1.191	10.788	0.047	0.992	4000.0
410	2.029	11.658	1.037	9.366	0.042	0.993	4000.0
411	3.159	18.038	1.562	15.252	0.066	0.985	2000.0
412	2.062	11.896	1.112	10.87	0.048	0.992	2000.0
413	2.492	13.916	1.227	11.281	0.056	0.992	7000.0
414	3.408	19.259	1.66	15.003	0.061	0.989	7000.0
415	3.261	18.034	1.671	14.723	0.068	0.991	7000.0
416	2.876	16.35	1.618	14.267	0.047	0.985	4000.0
417	3.256	18.564	1.649	15.634	0.053	0.985	4000.0
418	3.041	17.256	1.502	13.786	0.052	0.99	4000.0
419	2.635	14.808	1.373	12.925	0.049	0.992	3000.0
420	3.627	20.72	1.742	16.74	0.078	0.985	25000.0
421	2.303	12.685	1.196	10.723	0.042	0.993	5000.0
422	1.992	11.194	0.997	8.648	0.046	0.994	3000.0
423	2.329	13.173	1.103	9.776	0.041	0.995	8000.0
424	2.047	11.337	1.074	9.872	0.049	0.994	6000.0
425	4.014	22.472	2.051	18.541	0.077	0.985	3000.0
426	2.039	11.854	0.99	9.344	0.037	0.994	5000.0
427	2.723	14.938	1.481	12.579	0.038	0.991	7000.0
428	1.598	8.815	0.845	7.452	0.027	0.997	3000.0
429	2.566	14.345	1.306	11.75	0.057	0.993	6000.0
430	2.47	14.057	1.257	11.589	0.072	0.991	3000.0
431	2.977	16.758	1.377	13.443	0.068	0.988	4000.0
432	2.629	14.63	1.304	11.625	0.049	0.994	3000.0
433	3.975	21.945	1.982	18.394	0.069	0.986	3000.0
434	3.16	17.752	1.7	14.524	0.063	0.989	2000.0
435	2.385	12.719	1.257	10.942	0.049	0.993	6000.0
436	2.533	14.176	1.35	12.383	0.058	0.99	3000.0
437	2.906	16.374	1.46	13.44	0.059	0.988	4000.0
438	3.69	20.993	1.767	17.419	0.073	0.982	6000.0
439	2.207	12.352	1.068	9.432	0.049	0.994	11000.0
440	2.383	13.472	1.196	11.127	0.051	0.993	33000.0
441	3.326	18.86	1.724	15.345	0.082	0.988	4000.0
442	2.725	15.262	1.468	13.329	0.051	0.991	2000.0
443	3.295	18.991	1.736	14.965	0.071	0.988	5000.0
444	3.293	19.038	1.622	14.779	0.066	0.99	5000.0
445	2.622	14.721	1.343	11.615	0.06	0.993	2000.0
446	2.768	15.382	1.485	12.943	0.076	0.99	2000.0
447	2.48	13.629	1.291	11.917	0.074	0.988	38000.0
448	3.089	16.88	1.467	13.08	0.063	0.989	6000.0
449	2.282	12.73	1.227	11.216	0.047	0.992	2000.0
450	3.233	18.477	1.735	15.485	0.049	0.988	2000.0
451	2.935	16.78	1.537	14.876	0.043	0.986	4000.0
452	2.265	12.613	1.072	9.739	0.051	0.994	6000.0
453	2.476	14.015	1.416	12.71	0.061	0.99	2000.0
454	3.307	18.989	1.748	16.053	0.058	0.987	3000.0
455	3.349	18.86	1.722	15.359	0.048	0.989	3000.0
456	3.233	17.897	1.531	13.965	0.073	0.989	2000.0
457	2.404	13.337	1.12	10.297	0.055	0.994	6000.0
458	2.346	13.617	1.215	10.945	0.042	0.992	3000.0
459	2.558	14.534	1.231	11.448	0.048	0.993	5000.0
460	3.063	17.589	1.643	14.708	0.06	0.988	2000.0
461	2.244	12.36	1.103	9.589	0.047	0.995	4000.0
462	2.827	15.591	1.372	12.301	0.069	0.991	3000.0
463	2.532	14.083	1.28	11.63	0.064	0.991	6000.0
464	3.443	19.614	1.985	18.436	0.04	0.983	2000.0
465	1.91	10.851	0.979	8.79	0.043	0.994	18000.0
466	3.296	18.722	1.585	14.327	0.067	0.989	3000.0
467	1.787	10.32	0.919	8.131	0.036	0.996	6000.0
468	2.324	12.874	1.327	12.791	0.06	0.986	5000.0
469	2.799	15.405	1.374	11.8	0.058	0.993	3000.0
470	3.285	18.618	1.6	15.611	0.1	0.98	2000.0
471	2.499	13.972	1.299	11.221	0.043	0.992	5000.0
472	3.307	18.48	1.641	15.093	0.073	0.985	4000.0
473	2.452	13.381	1.259	11.344	0.061	0.991	3000.0
474	2.358	13.222	1.203	10.834	0.052	0.992	3000.0
475	3.955	22.122	1.96	17.748	0.073	0.976	5000.0
476	2.86	16.189	1.356	12.774	0.057	0.99	2000.0
477	2.638	14.883	1.307	11.711	0.055	0.993	3000.0
478	2.154	12.288	1.223	11.248	0.043	0.991	4000.0
479	1.514	8.544	0.764	7.134	0.04	0.997	11000.0
480	3.484	19.246	1.756	15.597	0.066	0.986	2000.0
481	3.398	19.289	1.683	16.36	0.072	0.981	3000.0
482	3.827	20.901	1.764	16.403	0.075	0.983	2000.0
483	2.574	14.472	1.238	10.688	0.059	0.994	2000.0
484	1.875	10.741	0.885	7.976	0.053	0.997	6000.0
485	1.881	10.568	0.952	8.744	0.041	0.995	4000.0
486	2.457	14.188	1.266	11.603	0.061	0.991	2000.0
487	3.922	22.666	2.004	18.38	0.066	0.98	3000.0
488	2.491	14.331	1.258	11.315	0.056	0.992	3000.0
489	3.435	19.689	1.818	17.315	0.063	0.982	3000.0
490	2.479	13.966	1.218	10.811	0.048	0.994	3000.0
491	2.82	15.675	1.439	12.738	0.045	0.99	2000.0
492	3.386	19.047	1.736	16.684	0.082	0.979	2000.0
493	1.923	10.892	0.932	8.169	0.044	0.996	4000.0
494	3.412	19.589	1.886	16.826	0.047	0.983	3000.0
495	2.517	14.222	1.317	11.578	0.053	0.993	3000.0
496	3.986	22.719	2.128	20.214	0.067	0.974	3000.0
497	2.878	16.115	1.49	13.444	0.047	0.989	4000.0
498	3.132	17.206	1.438	13.71	0.069	0.991	3000.0
499	2.101	12.027	1.082	9.446	0.068	0.993	8000.0
500	2.773	15.544	1.383	12.422	0.067	0.991	5000.0
