NMF_Replicate	L1	L1 %	L2	L2 %	KL Divergence	Correlation	Convergence Iterations
1	10.335	38.48	3.965	33.168	0.154	0.936	3000.0
2	13.547	50.404	5.684	46.975	0.222	0.862	2000.0
3	9.673	36.137	3.609	30.155	0.167	0.945	2000.0
4	11.918	44.572	4.829	41.579	0.205	0.895	3000.0
5	10.333	38.902	4.361	36.427	0.18	0.909	3000.0
6	10.575	39.583	4.53	37.784	0.172	0.915	2000.0
7	10.924	41.082	4.411	37.793	0.192	0.9	2000.0
8	12.624	46.799	5.111	41.25	0.206	0.9	2000.0
9	9.158	34.256	3.844	32.866	0.138	0.937	2000.0
10	8.759	32.677	3.607	31.908	0.152	0.933	3000.0
11	10.637	40.007	4.301	36.805	0.169	0.914	4000.0
12	10.376	38.485	4.326	36.426	0.142	0.917	3000.0
13	12.239	45.966	4.91	40.432	0.218	0.901	3000.0
14	13.631	50.488	6.071	46.699	0.235	0.877	2000.0
15	10.195	38.238	4.2	36.177	0.146	0.917	2000.0
16	12.342	46.46	4.756	40.629	0.245	0.896	2000.0
17	10.689	39.882	4.471	38.294	0.172	0.905	3000.0
18	11.503	42.87	4.843	38.713	0.187	0.912	4000.0
19	11.054	41.759	4.231	35.94	0.214	0.91	4000.0
20	12.032	44.889	5.069	43.378	0.208	0.878	2000.0
21	10.826	40.768	4.347	37.537	0.186	0.913	2000.0
22	11.511	42.973	4.884	40.312	0.188	0.894	3000.0
23	10.07	37.648	4.235	36.489	0.162	0.918	2000.0
24	11.217	41.705	4.632	36.732	0.203	0.919	3000.0
25	10.945	40.72	4.955	41.786	0.15	0.891	2000.0
26	11.361	42.748	4.569	40.652	0.164	0.894	2000.0
27	12.278	45.744	5.056	41.194	0.208	0.899	2000.0
28	10.422	38.926	4.193	35.33	0.176	0.93	5000.0
29	12.196	45.703	5.206	42.456	0.201	0.897	3000.0
30	10.663	39.749	4.346	35.873	0.174	0.924	2000.0
31	10.877	41.122	4.335	38.667	0.183	0.901	3000.0
32	10.397	38.964	4.476	38.349	0.153	0.907	2000.0
33	10.96	41.113	4.432	37.244	0.179	0.915	2000.0
34	10.764	40.029	4.195	36.379	0.157	0.924	3000.0
35	9.974	37.134	4.175	34.665	0.168	0.924	3000.0
36	11.022	40.882	4.644	38.084	0.176	0.913	3000.0
37	11.178	42.207	4.475	38.619	0.191	0.902	3000.0
38	10.825	40.293	4.406	37.411	0.178	0.915	2000.0
39	10.616	39.549	4.412	37.074	0.155	0.92	4000.0
40	11.738	43.707	5.148	41.539	0.186	0.901	2000.0
41	10.919	40.726	4.515	37.637	0.179	0.918	3000.0
42	11.131	41.389	4.788	37.258	0.189	0.905	5000.0
43	12.878	47.838	5.075	40.847	0.239	0.893	2000.0
44	12.515	46.782	5.08	43.656	0.188	0.884	2000.0
45	11.016	41.133	4.504	37.62	0.188	0.907	2000.0
46	11.799	44.362	5.055	41.575	0.205	0.894	2000.0
47	9.772	36.77	3.896	33.883	0.166	0.921	2000.0
48	11.87	44.61	4.995	42.308	0.19	0.892	2000.0
49	10.732	40.234	4.793	39.905	0.161	0.906	2000.0
50	11.672	43.636	4.46	36.678	0.214	0.918	2000.0
51	11.368	42.48	4.467	38.905	0.184	0.903	3000.0
52	9.459	35.144	3.873	33.088	0.149	0.93	3000.0
53	11.27	42.155	4.279	36.447	0.197	0.92	2000.0
54	12.069	45.095	5.074	42.412	0.176	0.893	2000.0
55	10.455	38.929	4.518	38.201	0.155	0.909	2000.0
56	10.539	39.368	4.398	37.096	0.156	0.918	4000.0
57	10.777	40.286	4.535	39.552	0.153	0.905	2000.0
58	9.99	37.357	4.126	35.193	0.147	0.928	2000.0
59	10.66	39.764	4.352	36.24	0.175	0.923	3000.0
60	10.469	39.376	4.348	38.835	0.148	0.909	2000.0
61	12.333	46.031	4.878	41.776	0.193	0.887	3000.0
62	9.026	33.574	3.759	31.5	0.136	0.945	4000.0
63	11.541	43.246	4.918	41.479	0.191	0.89	2000.0
64	12.883	48.065	5.484	44.509	0.222	0.881	2000.0
65	13.538	50.57	5.883	47.629	0.261	0.849	2000.0
66	11.137	41.518	4.826	39.146	0.168	0.908	2000.0
67	8.681	32.196	3.392	29.402	0.12	0.94	3000.0
68	11.464	42.714	4.702	40.113	0.204	0.903	3000.0
69	11.376	42.336	5.464	40.965	0.208	0.888	3000.0
70	11.054	41.124	4.551	39.702	0.202	0.901	2000.0
71	11.691	43.547	4.829	39.759	0.174	0.911	2000.0
72	10.918	40.726	4.411	38.005	0.179	0.904	4000.0
73	11.631	43.464	5.075	41.68	0.175	0.898	2000.0
74	10.566	39.458	4.091	35.878	0.172	0.915	2000.0
75	13.446	50.442	5.691	48.083	0.24	0.853	3000.0
76	12.503	46.737	5.416	43.729	0.21	0.887	4000.0
77	11.065	41.329	4.491	38.537	0.176	0.907	2000.0
78	11.629	43.336	4.77	39.943	0.192	0.903	2000.0
79	9.369	35.057	4.079	34.007	0.158	0.926	3000.0
80	11.903	44.559	4.88	41.578	0.206	0.9	2000.0
81	10.109	37.956	3.874	34.11	0.149	0.927	2000.0
82	11.182	41.957	4.666	39.232	0.174	0.905	3000.0
83	9.187	34.304	3.633	32.573	0.143	0.936	2000.0
84	13.048	48.89	5.518	44.599	0.197	0.881	3000.0
85	10.834	40.479	4.264	36.526	0.183	0.909	4000.0
86	10.73	40.152	4.451	37.381	0.184	0.913	2000.0
87	12.442	46.385	5.475	44.53	0.234	0.877	4000.0
88	10.187	37.819	4.143	34.683	0.159	0.93	2000.0
89	10.358	38.662	4.11	34.152	0.178	0.927	2000.0
90	11.571	43.285	4.586	40.233	0.189	0.899	3000.0
91	11.844	44.246	4.764	39.583	0.186	0.896	4000.0
92	11.237	42.059	4.5	39.288	0.177	0.909	2000.0
93	13.386	49.722	5.711	45.393	0.247	0.886	2000.0
94	11.203	41.641	4.829	40.351	0.159	0.909	2000.0
95	10.039	37.484	3.96	31.985	0.175	0.935	3000.0
96	11.663	43.549	5.141	40.407	0.205	0.895	4000.0
97	11.887	44.409	5.017	41.628	0.195	0.894	6000.0
98	10.984	41.028	4.738	39.521	0.154	0.912	2000.0
99	12.081	44.791	4.977	41.322	0.176	0.897	3000.0
100	9.797	36.583	4.058	33.794	0.15	0.933	2000.0
101	11.889	44.491	5.061	42.429	0.172	0.895	2000.0
102	10.227	38.224	4.39	37.021	0.175	0.917	2000.0
103	11.346	42.331	4.65	36.779	0.206	0.918	3000.0
104	12.228	45.929	5.323	43.895	0.184	0.881	2000.0
105	10.207	38.317	4.004	35.547	0.178	0.918	2000.0
106	9.891	36.927	4.055	33.738	0.154	0.931	2000.0
107	11.379	42.661	4.259	37.626	0.18	0.899	2000.0
108	11.89	44.132	4.866	40.813	0.209	0.89	3000.0
109	11.886	44.312	4.806	40.861	0.214	0.888	3000.0
110	10.667	40.123	4.156	34.807	0.209	0.907	2000.0
111	12.102	44.965	4.999	41.208	0.208	0.893	3000.0
112	11.017	41.217	4.526	37.166	0.183	0.909	3000.0
113	11.728	43.593	4.668	40.297	0.193	0.896	3000.0
114	12.727	47.703	5.044	42.618	0.238	0.886	2000.0
115	11.375	42.261	4.637	37.894	0.182	0.913	3000.0
116	11.093	41.695	4.694	40.2	0.163	0.902	2000.0
117	10.452	39.102	4.294	35.469	0.185	0.919	2000.0
118	11.555	43.272	4.832	39.679	0.184	0.893	2000.0
119	12.224	45.584	5.171	41.471	0.196	0.894	4000.0
120	11.948	44.497	5.063	42.092	0.182	0.89	4000.0
121	10.506	39.021	4.359	35.663	0.151	0.925	2000.0
122	11.091	41.021	4.766	39.126	0.174	0.906	2000.0
123	11.554	43.277	4.751	39.361	0.191	0.903	3000.0
124	9.93	37.307	3.881	34.892	0.144	0.926	4000.0
125	11.169	41.672	4.366	38.262	0.187	0.912	2000.0
126	10.591	39.501	4.447	36.842	0.155	0.919	3000.0
127	11.425	42.756	4.708	39.324	0.185	0.904	3000.0
128	10.566	39.563	4.236	35.123	0.174	0.924	3000.0
129	10.972	40.726	4.373	38.082	0.161	0.91	3000.0
130	10.833	40.446	4.569	37.931	0.184	0.907	2000.0
131	10.846	41.013	4.215	35.929	0.168	0.92	3000.0
132	10.805	40.279	4.264	37.485	0.169	0.924	5000.0
133	11.92	44.067	5.103	38.264	0.189	0.908	2000.0
134	10.783	40.137	4.32	38.02	0.153	0.911	2000.0
135	9.483	35.751	3.692	31.88	0.152	0.934	4000.0
136	11.739	43.698	4.566	39.265	0.179	0.909	2000.0
137	11.052	40.934	4.649	35.945	0.168	0.916	2000.0
138	10.634	39.652	4.416	35.586	0.179	0.92	2000.0
139	11.096	41.414	4.505	36.624	0.188	0.912	2000.0
140	11.651	43.186	4.807	40.052	0.165	0.908	4000.0
141	10.934	40.67	4.666	39.929	0.195	0.901	3000.0
142	12.701	47.228	5.141	42.728	0.204	0.885	3000.0
143	11.493	42.854	4.818	40.631	0.176	0.89	2000.0
144	10.395	38.958	4.203	36.45	0.157	0.917	2000.0
145	10.624	39.896	4.418	38.385	0.167	0.904	7000.0
146	9.718	36.343	4.04	33.129	0.157	0.931	4000.0
147	11.096	41.294	4.311	36.002	0.184	0.92	3000.0
148	10.267	38.296	4.0	33.081	0.189	0.934	3000.0
149	10.024	37.552	4.075	34.735	0.162	0.928	3000.0
150	11.628	43.339	4.7	38.556	0.188	0.914	2000.0
151	10.78	39.979	4.553	37.034	0.171	0.914	4000.0
152	11.394	42.643	4.873	39.605	0.183	0.908	3000.0
153	12.198	45.704	5.044	40.425	0.219	0.898	3000.0
154	11.144	41.57	4.773	40.601	0.167	0.904	3000.0
155	11.411	42.552	4.695	41.046	0.18	0.896	2000.0
156	12.921	48.458	5.393	45.101	0.195	0.872	15000.0
157	11.863	44.433	4.979	41.13	0.194	0.906	2000.0
158	11.895	44.163	5.064	40.109	0.187	0.898	2000.0
159	12.19	45.636	4.91	41.378	0.223	0.887	3000.0
160	12.35	46.125	4.868	40.459	0.2	0.904	2000.0
161	11.73	43.956	4.9	41.328	0.193	0.901	3000.0
162	9.815	36.426	4.116	35.28	0.159	0.921	2000.0
163	10.671	39.747	4.546	37.134	0.196	0.915	2000.0
164	11.186	41.48	4.612	38.847	0.176	0.905	2000.0
165	11.765	43.965	4.891	42.184	0.168	0.89	2000.0
166	11.902	44.166	4.833	39.799	0.177	0.904	3000.0
167	10.134	38.029	3.952	34.557	0.153	0.922	3000.0
168	10.426	39.234	4.218	37.142	0.17	0.911	2000.0
169	11.025	41.424	4.457	38.307	0.178	0.91	2000.0
170	10.061	37.584	4.479	37.249	0.15	0.92	2000.0
171	11.885	44.319	4.77	41.455	0.205	0.892	4000.0
172	12.942	48.601	5.25	44.067	0.233	0.875	4000.0
173	13.717	51.098	5.949	47.582	0.244	0.867	3000.0
174	9.439	35.475	3.625	31.425	0.148	0.938	3000.0
175	11.22	41.959	4.658	41.684	0.199	0.894	2000.0
176	10.744	40.169	4.479	38.466	0.177	0.912	5000.0
177	12.616	47.214	5.622	46.149	0.225	0.87	2000.0
178	11.88	44.528	4.93	41.23	0.199	0.892	2000.0
179	10.98	40.95	4.768	38.948	0.15	0.911	2000.0
180	13.219	49.384	5.694	46.936	0.212	0.878	3000.0
181	12.855	48.036	5.29	44.527	0.237	0.88	3000.0
182	10.773	40.41	4.32	36.432	0.179	0.918	2000.0
183	10.432	38.969	4.325	36.03	0.173	0.919	5000.0
184	10.44	38.863	4.23	36.158	0.156	0.925	2000.0
185	10.442	39.033	4.394	37.631	0.166	0.909	3000.0
186	11.044	41.333	4.519	38.719	0.17	0.907	6000.0
187	12.675	47.499	5.187	42.98	0.23	0.889	2000.0
188	8.949	33.458	3.715	30.406	0.152	0.95	3000.0
189	10.836	40.41	4.354	35.282	0.199	0.92	7000.0
190	9.548	35.731	3.792	33.328	0.17	0.922	3000.0
191	10.992	41.286	4.536	39.785	0.169	0.896	4000.0
192	10.713	40.153	4.416	37.951	0.174	0.909	3000.0
193	10.955	40.997	4.483	39.698	0.178	0.899	2000.0
194	10.881	40.63	4.379	37.153	0.172	0.917	3000.0
195	10.361	38.358	4.281	36.008	0.148	0.925	3000.0
196	11.649	43.861	5.143	40.827	0.187	0.898	2000.0
197	11.198	41.785	4.466	38.003	0.19	0.919	3000.0
198	10.979	40.948	4.498	39.009	0.156	0.906	3000.0
199	11.235	41.718	4.732	39.697	0.181	0.904	2000.0
200	12.152	45.489	5.001	42.997	0.203	0.89	2000.0
201	12.627	47.673	5.176	44.668	0.221	0.869	2000.0
202	11.39	42.751	4.788	40.041	0.2	0.914	2000.0
203	11.377	42.874	4.789	39.691	0.189	0.904	3000.0
204	10.419	38.783	4.164	36.138	0.158	0.917	7000.0
205	11.843	44.151	5.185	42.173	0.199	0.894	3000.0
206	9.648	36.192	3.618	31.803	0.144	0.938	3000.0
207	11.614	43.384	4.79	41.056	0.18	0.904	4000.0
208	11.936	44.414	5.202	40.646	0.189	0.905	2000.0
209	10.716	39.933	4.653	36.307	0.155	0.922	4000.0
210	12.059	45.016	5.134	42.378	0.182	0.889	2000.0
211	11.762	44.124	4.602	40.884	0.192	0.892	2000.0
212	11.928	44.858	4.819	39.808	0.225	0.901	2000.0
213	12.678	47.491	5.204	44.288	0.203	0.88	3000.0
214	8.748	32.654	3.598	30.862	0.134	0.94	2000.0
215	9.291	34.689	3.833	32.887	0.162	0.93	2000.0
216	10.301	38.429	4.181	35.998	0.168	0.922	3000.0
217	12.304	45.698	5.234	42.098	0.212	0.895	3000.0
218	10.762	40.147	4.707	38.705	0.167	0.909	3000.0
219	15.124	56.724	6.3	51.316	0.291	0.828	3000.0
220	9.856	36.899	4.049	34.617	0.167	0.915	2000.0
221	12.451	46.441	5.161	43.93	0.216	0.882	3000.0
222	10.336	38.56	4.327	36.544	0.162	0.923	3000.0
223	9.749	36.239	4.129	35.344	0.152	0.917	3000.0
224	9.353	35.288	4.083	34.582	0.137	0.92	2000.0
225	11.092	41.673	4.628	38.063	0.186	0.91	3000.0
226	11.28	42.345	4.548	39.699	0.162	0.901	4000.0
227	10.575	39.432	4.43	36.448	0.163	0.911	3000.0
228	10.763	40.067	4.63	39.898	0.183	0.9	2000.0
229	12.095	45.213	4.975	41.209	0.204	0.897	3000.0
230	12.534	46.848	5.175	41.674	0.209	0.892	2000.0
231	11.311	42.302	4.862	41.44	0.169	0.893	2000.0
232	11.465	42.877	4.71	40.216	0.176	0.906	2000.0
233	11.392	42.428	4.627	39.401	0.167	0.914	3000.0
234	10.03	37.593	3.912	34.612	0.159	0.92	2000.0
235	10.904	40.99	4.236	36.679	0.171	0.914	6000.0
236	10.297	38.361	4.15	35.709	0.153	0.927	4000.0
237	10.461	39.384	4.381	36.13	0.162	0.924	2000.0
238	11.843	44.176	5.002	40.09	0.209	0.905	4000.0
239	10.748	40.344	4.455	38.116	0.171	0.91	2000.0
240	11.181	41.825	4.79	39.718	0.155	0.898	4000.0
241	10.369	38.842	4.212	36.054	0.161	0.925	2000.0
242	11.024	41.277	4.251	35.234	0.171	0.931	3000.0
243	11.746	43.84	4.923	39.743	0.209	0.898	3000.0
244	10.397	38.825	4.523	38.328	0.157	0.913	2000.0
245	9.472	35.561	3.917	32.828	0.164	0.925	5000.0
246	10.634	39.738	4.371	36.766	0.154	0.915	2000.0
247	10.288	38.59	4.093	37.188	0.156	0.914	4000.0
248	9.595	35.609	3.973	32.861	0.15	0.935	3000.0
249	11.964	44.499	5.072	41.584	0.203	0.89	3000.0
250	11.412	42.678	4.503	38.836	0.181	0.914	3000.0
251	12.79	47.738	5.426	45.328	0.206	0.878	5000.0
252	10.736	40.034	4.384	36.462	0.191	0.926	2000.0
253	11.558	43.309	4.51	37.43	0.197	0.912	4000.0
254	10.843	40.484	4.606	39.464	0.161	0.911	4000.0
255	12.668	47.562	5.233	44.723	0.227	0.868	4000.0
256	11.177	41.6	4.453	38.726	0.17	0.909	2000.0
257	10.537	39.298	4.143	37.046	0.179	0.914	2000.0
258	9.418	35.406	3.979	34.953	0.158	0.925	2000.0
259	10.051	37.425	3.959	34.011	0.164	0.929	2000.0
260	11.083	41.511	4.471	37.265	0.187	0.913	6000.0
261	11.67	43.754	5.177	41.286	0.18	0.9	2000.0
262	12.637	47.19	5.21	41.242	0.19	0.899	2000.0
263	11.388	42.583	4.596	40.251	0.189	0.9	2000.0
264	14.054	52.723	5.726	48.702	0.257	0.848	4000.0
265	11.375	42.375	4.629	39.616	0.194	0.909	2000.0
266	9.354	34.758	3.964	32.84	0.139	0.936	2000.0
267	12.042	45.031	4.832	41.342	0.184	0.891	2000.0
268	11.556	43.236	4.998	42.844	0.192	0.894	3000.0
269	14.284	53.359	5.832	48.76	0.268	0.845	3000.0
270	10.432	38.921	4.008	35.054	0.164	0.924	3000.0
271	11.911	44.768	5.038	41.41	0.214	0.887	3000.0
272	13.082	48.965	5.6	45.115	0.237	0.863	3000.0
273	8.996	33.7	3.44	29.943	0.129	0.944	2000.0
274	11.472	42.93	4.853	41.264	0.175	0.895	2000.0
275	10.695	40.077	4.228	35.971	0.172	0.918	2000.0
276	10.865	40.407	4.516	39.485	0.167	0.902	3000.0
277	10.28	38.69	4.412	39.336	0.17	0.899	3000.0
278	11.963	44.333	5.142	40.592	0.193	0.902	4000.0
279	10.896	40.984	4.377	36.542	0.188	0.917	3000.0
280	11.344	42.573	4.632	38.754	0.185	0.902	2000.0
281	11.0	40.958	4.575	37.445	0.175	0.91	2000.0
282	11.12	41.456	4.749	38.89	0.177	0.909	5000.0
283	9.893	36.837	3.915	33.571	0.131	0.932	3000.0
284	8.012	30.04	3.251	28.785	0.117	0.947	2000.0
285	10.859	40.592	4.679	38.815	0.16	0.908	2000.0
286	10.162	38.2	3.982	34.499	0.181	0.914	7000.0
287	9.597	35.945	3.71	32.589	0.139	0.939	2000.0
288	10.537	39.2	4.236	35.208	0.18	0.924	2000.0
289	12.125	45.058	5.586	43.048	0.205	0.882	3000.0
290	11.28	41.832	4.715	39.029	0.17	0.904	4000.0
291	11.722	43.88	4.695	40.171	0.196	0.899	3000.0
292	10.631	39.833	4.185	37.241	0.17	0.916	3000.0
293	11.926	44.446	5.053	41.62	0.211	0.89	2000.0
294	11.404	42.653	4.687	37.837	0.169	0.917	3000.0
295	12.273	45.772	5.06	42.186	0.191	0.889	2000.0
296	13.023	48.377	5.41	44.137	0.218	0.891	3000.0
297	10.96	40.984	4.625	38.219	0.155	0.907	2000.0
298	10.715	40.2	4.36	37.767	0.187	0.903	2000.0
299	9.733	36.171	4.094	34.937	0.133	0.929	2000.0
300	12.162	45.565	5.488	43.563	0.202	0.882	2000.0
301	12.322	45.828	5.134	43.024	0.213	0.893	2000.0
302	12.173	45.94	4.927	42.54	0.213	0.883	3000.0
303	12.169	45.616	4.902	41.444	0.201	0.887	2000.0
304	12.52	46.866	4.967	40.737	0.198	0.898	3000.0
305	11.141	41.695	4.765	40.017	0.182	0.894	3000.0
306	10.127	37.793	4.218	37.589	0.165	0.9	4000.0
307	10.649	40.04	4.257	34.762	0.185	0.926	4000.0
308	7.819	29.271	3.241	30.386	0.119	0.941	2000.0
309	10.944	41.056	4.402	38.37	0.176	0.906	3000.0
310	11.112	41.44	4.663	38.216	0.161	0.908	3000.0
311	13.796	51.448	5.736	47.03	0.238	0.86	2000.0
312	11.602	42.774	5.047	40.391	0.182	0.9	2000.0
313	10.702	39.841	4.549	38.01	0.172	0.91	2000.0
314	11.186	41.683	4.617	38.164	0.164	0.913	2000.0
315	11.661	43.346	4.738	39.119	0.186	0.908	3000.0
316	11.712	44.059	4.642	39.343	0.212	0.896	2000.0
317	10.926	40.876	4.777	39.348	0.155	0.916	2000.0
318	11.589	43.233	4.565	39.034	0.183	0.899	3000.0
319	11.465	42.763	4.88	41.082	0.183	0.893	3000.0
320	10.609	39.561	4.365	36.86	0.16	0.914	4000.0
321	9.305	35.001	3.563	31.001	0.154	0.942	4000.0
322	9.981	37.312	4.004	33.41	0.156	0.931	4000.0
323	11.937	44.763	5.239	44.717	0.193	0.879	4000.0
324	11.752	43.902	5.218	44.127	0.191	0.879	4000.0
325	9.643	36.013	3.883	34.842	0.151	0.925	3000.0
326	10.761	40.139	4.112	35.029	0.168	0.922	2000.0
327	9.389	35.188	3.799	33.752	0.136	0.925	3000.0
328	10.684	39.77	4.478	38.536	0.172	0.907	5000.0
329	10.062	37.59	4.063	33.917	0.161	0.92	2000.0
330	11.419	42.454	5.012	42.073	0.189	0.891	5000.0
331	11.708	43.602	4.963	41.28	0.194	0.902	2000.0
332	9.789	36.554	4.038	35.604	0.134	0.918	2000.0
333	10.886	40.64	4.536	36.969	0.179	0.916	2000.0
334	13.455	50.013	5.329	43.478	0.222	0.888	4000.0
335	11.591	42.987	4.781	40.294	0.18	0.898	2000.0
336	11.094	41.607	4.542	36.472	0.203	0.918	2000.0
337	10.304	38.72	4.427	36.41	0.19	0.916	4000.0
338	12.308	45.83	5.39	44.216	0.186	0.877	2000.0
339	10.133	38.031	4.223	36.5	0.157	0.914	2000.0
340	12.463	46.617	5.171	43.455	0.2	0.889	4000.0
341	12.637	47.29	5.579	44.349	0.195	0.886	2000.0
342	11.119	41.955	4.532	38.949	0.176	0.908	4000.0
343	12.452	46.535	5.152	42.151	0.218	0.895	2000.0
344	12.122	45.331	5.251	43.644	0.198	0.892	3000.0
345	11.638	43.533	5.18	42.407	0.209	0.88	2000.0
346	11.155	41.675	4.477	36.681	0.181	0.927	5000.0
347	10.785	40.146	4.493	37.19	0.166	0.918	3000.0
348	11.507	42.952	4.88	41.524	0.174	0.892	3000.0
349	11.71	43.71	4.845	39.471	0.189	0.906	2000.0
350	10.263	38.315	4.274	36.952	0.163	0.919	3000.0
351	10.204	38.294	4.111	35.794	0.171	0.916	3000.0
352	10.663	39.911	4.129	36.132	0.167	0.92	3000.0
353	12.283	45.797	4.799	41.603	0.221	0.89	2000.0
354	11.57	43.298	4.865	39.58	0.186	0.899	2000.0
355	11.847	43.924	5.099	43.006	0.166	0.884	3000.0
356	11.028	40.836	4.816	39.007	0.17	0.908	2000.0
357	10.625	39.574	4.481	37.184	0.168	0.915	3000.0
358	12.002	44.741	5.211	43.059	0.213	0.888	2000.0
359	11.184	41.825	4.615	38.357	0.179	0.904	6000.0
360	12.012	44.723	4.633	41.116	0.181	0.897	3000.0
361	10.427	39.206	4.612	38.842	0.188	0.908	2000.0
362	10.842	40.489	4.252	36.871	0.166	0.924	2000.0
363	11.924	44.784	5.072	43.29	0.197	0.878	5000.0
364	10.826	40.526	4.341	37.478	0.168	0.914	3000.0
365	11.928	44.54	4.689	40.472	0.191	0.904	5000.0
366	12.256	45.668	5.19	42.391	0.207	0.891	3000.0
367	10.321	38.407	4.211	35.831	0.147	0.92	2000.0
368	10.235	38.17	4.183	35.005	0.15	0.926	9000.0
369	10.696	39.973	4.498	36.865	0.166	0.922	5000.0
370	10.086	37.783	4.281	35.91	0.17	0.918	5000.0
371	12.741	47.769	5.338	45.285	0.209	0.877	3000.0
372	11.196	41.792	4.671	40.252	0.177	0.908	3000.0
373	12.016	44.875	4.8	41.541	0.206	0.892	2000.0
374	11.127	41.625	4.653	39.725	0.187	0.901	5000.0
375	10.432	38.717	4.223	36.198	0.156	0.916	4000.0
376	10.617	39.757	4.247	36.786	0.156	0.91	3000.0
377	11.276	42.367	4.861	41.475	0.183	0.898	2000.0
378	10.911	40.8	4.695	40.288	0.168	0.904	2000.0
379	11.417	42.516	4.817	39.221	0.176	0.901	2000.0
380	9.969	37.738	3.993	34.971	0.16	0.908	2000.0
381	11.038	41.432	4.319	36.271	0.192	0.919	4000.0
382	10.161	38.291	4.153	34.044	0.172	0.922	3000.0
383	10.71	40.222	4.098	35.35	0.196	0.911	2000.0
384	12.257	45.993	5.1	40.844	0.199	0.901	2000.0
385	10.96	41.092	4.521	40.559	0.167	0.899	2000.0
386	10.289	38.292	4.374	36.949	0.162	0.911	5000.0
387	11.079	41.328	4.733	39.09	0.159	0.909	3000.0
388	10.01	37.305	4.33	34.357	0.178	0.921	3000.0
389	10.592	39.498	4.469	38.299	0.177	0.909	5000.0
390	13.759	51.601	5.732	47.027	0.226	0.863	2000.0
391	9.9	36.854	3.998	33.873	0.171	0.924	2000.0
392	11.813	44.046	4.671	38.74	0.188	0.909	3000.0
393	10.685	39.942	4.675	39.842	0.167	0.905	4000.0
394	11.67	43.525	4.757	38.48	0.194	0.911	2000.0
395	11.631	43.681	4.92	40.639	0.192	0.906	3000.0
396	10.706	40.108	4.411	37.536	0.185	0.905	2000.0
397	10.645	40.009	4.652	38.226	0.178	0.906	2000.0
398	10.05	37.698	4.203	35.322	0.159	0.916	2000.0
399	9.364	35.28	3.934	33.576	0.146	0.926	2000.0
400	10.962	41.196	4.636	38.681	0.157	0.913	3000.0
401	13.237	49.346	5.602	43.235	0.229	0.88	3000.0
402	9.625	35.903	3.968	31.301	0.172	0.943	2000.0
403	10.216	37.985	4.049	34.469	0.159	0.929	3000.0
404	12.529	46.838	5.191	43.038	0.21	0.895	2000.0
405	9.679	36.145	3.971	34.226	0.148	0.929	4000.0
406	12.737	47.432	5.165	43.487	0.227	0.88	3000.0
407	8.655	32.204	3.579	30.685	0.122	0.947	3000.0
408	12.355	46.066	5.182	42.888	0.208	0.888	4000.0
409	11.845	44.34	4.678	40.877	0.172	0.898	2000.0
410	12.093	44.896	5.151	40.42	0.181	0.897	3000.0
411	11.825	44.237	4.884	41.261	0.194	0.894	3000.0
412	9.985	36.929	4.14	33.517	0.162	0.934	3000.0
413	11.15	41.932	4.332	36.71	0.208	0.907	3000.0
414	10.727	39.815	4.582	38.034	0.171	0.913	3000.0
415	11.534	43.021	4.675	38.286	0.198	0.912	2000.0
416	10.327	38.434	4.472	36.533	0.15	0.91	3000.0
417	10.222	38.124	4.49	37.948	0.135	0.919	3000.0
418	11.759	43.804	5.121	41.075	0.175	0.896	4000.0
419	11.505	42.993	5.046	41.913	0.196	0.901	2000.0
420	11.363	42.333	4.552	36.004	0.195	0.923	2000.0
421	10.581	39.341	4.268	35.988	0.174	0.919	5000.0
422	11.392	42.462	4.641	39.573	0.182	0.896	3000.0
423	10.345	38.662	4.463	37.97	0.161	0.906	3000.0
424	11.208	41.837	4.497	38.174	0.183	0.912	2000.0
425	12.006	45.208	5.241	42.455	0.221	0.882	2000.0
426	11.571	43.254	4.729	41.533	0.19	0.903	4000.0
427	11.167	41.955	4.432	38.785	0.185	0.908	2000.0
428	9.052	33.908	3.84	31.446	0.13	0.941	3000.0
429	10.181	38.215	4.225	34.591	0.172	0.929	2000.0
430	12.097	45.042	4.868	40.85	0.184	0.907	2000.0
431	9.842	36.928	3.879	33.044	0.154	0.924	4000.0
432	12.867	48.204	5.633	46.038	0.231	0.872	4000.0
433	10.367	38.84	4.053	35.918	0.171	0.921	2000.0
434	11.567	42.966	4.664	36.917	0.187	0.909	2000.0
435	11.401	42.899	4.673	40.255	0.207	0.896	3000.0
436	12.479	46.444	4.934	43.078	0.218	0.887	3000.0
437	12.069	45.073	4.968	39.766	0.211	0.902	4000.0
438	9.479	35.317	3.599	33.163	0.128	0.927	5000.0
439	10.599	39.614	4.049	35.038	0.14	0.918	2000.0
440	10.282	38.475	4.063	34.602	0.152	0.923	2000.0
441	12.531	47.101	5.048	43.136	0.23	0.874	2000.0
442	10.372	39.046	4.274	37.812	0.143	0.913	2000.0
443	11.695	43.671	4.796	39.388	0.197	0.903	2000.0
444	10.891	40.35	4.421	37.775	0.188	0.909	2000.0
445	11.508	43.002	4.409	37.421	0.192	0.911	5000.0
446	10.052	37.534	3.97	33.364	0.161	0.924	3000.0
447	12.502	46.656	5.121	43.839	0.199	0.892	3000.0
448	12.624	47.188	5.242	42.982	0.215	0.893	2000.0
449	11.944	44.685	5.095	45.389	0.2	0.874	3000.0
450	11.88	44.34	4.535	40.442	0.187	0.892	4000.0
451	11.597	43.403	5.015	41.839	0.184	0.895	2000.0
452	10.84	40.679	4.56	38.114	0.164	0.91	2000.0
453	11.582	43.239	4.808	41.189	0.178	0.91	2000.0
454	12.258	46.043	5.153	44.17	0.217	0.877	3000.0
455	12.092	45.415	4.651	40.376	0.223	0.889	5000.0
456	10.244	38.217	4.264	34.778	0.163	0.931	4000.0
457	12.673	47.264	5.261	42.292	0.181	0.892	3000.0
458	12.151	45.187	4.902	40.218	0.204	0.902	2000.0
459	11.082	41.261	4.508	36.792	0.172	0.917	2000.0
460	10.585	39.457	4.356	37.265	0.19	0.911	3000.0
461	12.076	45.037	4.97	41.829	0.198	0.897	3000.0
462	12.687	46.858	5.375	44.779	0.207	0.875	2000.0
463	11.195	42.164	4.394	38.478	0.19	0.905	3000.0
464	9.014	33.621	3.537	30.232	0.139	0.944	3000.0
465	9.687	36.257	4.094	34.556	0.151	0.921	7000.0
466	11.446	42.835	4.857	41.343	0.177	0.898	5000.0
467	11.679	43.897	4.54	40.301	0.182	0.891	2000.0
468	9.388	35.278	4.025	32.368	0.149	0.927	3000.0
469	11.483	42.83	4.562	39.105	0.19	0.899	2000.0
470	9.149	34.132	3.992	34.009	0.128	0.933	2000.0
471	9.859	36.903	4.189	34.263	0.16	0.924	2000.0
472	13.087	48.999	5.235	44.29	0.218	0.88	3000.0
473	10.871	40.443	4.476	36.659	0.16	0.917	9000.0
474	11.936	44.322	4.817	40.502	0.195	0.904	3000.0
475	11.823	43.933	4.819	40.728	0.179	0.895	4000.0
476	11.997	44.738	4.969	43.439	0.212	0.878	2000.0
477	10.219	37.699	4.588	34.818	0.163	0.923	8000.0
478	10.894	41.079	4.279	36.162	0.178	0.917	3000.0
479	8.504	31.911	3.417	29.771	0.132	0.946	3000.0
480	12.058	44.97	4.852	40.802	0.193	0.9	3000.0
481	10.378	38.985	4.254	36.05	0.176	0.919	4000.0
482	11.681	43.684	4.817	41.38	0.182	0.891	2000.0
483	11.668	43.704	5.17	42.83	0.2	0.88	2000.0
484	10.655	39.416	4.374	38.1	0.155	0.911	3000.0
485	11.046	41.614	4.587	39.579	0.188	0.901	3000.0
486	10.094	37.571	3.969	35.68	0.159	0.926	4000.0
487	10.303	38.354	4.405	36.912	0.148	0.918	4000.0
488	11.899	44.438	4.717	39.996	0.185	0.902	2000.0
489	14.059	52.439	6.014	47.55	0.24	0.86	3000.0
490	11.023	41.008	4.691	39.531	0.178	0.902	2000.0
491	12.941	48.16	5.547	45.769	0.194	0.873	3000.0
492	11.575	43.275	4.818	40.925	0.186	0.898	4000.0
493	10.68	40.105	4.239	37.561	0.166	0.909	3000.0
494	12.132	45.626	4.956	42.704	0.201	0.885	3000.0
495	10.898	40.531	4.279	37.029	0.183	0.915	4000.0
496	13.241	49.406	5.737	46.247	0.235	0.87	3000.0
497	9.972	37.374	4.084	33.536	0.157	0.936	2000.0
498	10.407	38.874	4.262	37.145	0.16	0.916	3000.0
499	11.644	42.985	4.611	39.312	0.191	0.907	3000.0
500	9.857	36.954	4.078	34.012	0.165	0.93	2000.0
