MutationType	CNV48A	CNV48B	CNV48C	CNV48D	CNV48E	CNV48F	CNV48G
0:homdel:0-100kb	3.497889134905563e-06	3.7638922062797063e-06	3.5716333431992096e-06	3.7439120296767215e-06	3.8093418929747715e-06	4.011586200817874e-06	3.840979074539064e-06
0:homdel:100kb-1Mb	3.4978891358150575e-06	3.763892205370212e-06	3.5716333427444626e-06	3.7439120274029848e-06	3.8093418934295185e-06	4.011586198998885e-06	3.840979076358053e-06
0:homdel:>1Mb	3.4978891339960683e-06	3.7638922062797063e-06	3.5716333427444626e-06	3.743912030131469e-06	3.809341893884266e-06	4.011586200817874e-06	3.840979075448559e-06
1:LOH:0-100kb	0.041102632791391217	0.005348320328068491	0.003433078880776822	0.02375691748990773	0.01796468881415587	0.11638921112418239	0.03516284455012246
1:LOH:100kb-1Mb	3.4978891339960683e-06	3.7638922062797063e-06	3.5716333413802203e-06	3.7439120296767215e-06	3.8093418957032556e-06	4.011586199908379e-06	3.840979075903306e-06
1:LOH:1Mb-10Mb	0.0403973933715267	0.005148807244981257	0.040699986992091916	0.3019402966686755	0.035260469671361726	0.019243602826252756	0.01632681986212405
1:LOH:10Mb-40Mb	0.05813689923841814	0.059462680650056235	0.46398521553180033	0.10106783856052565	0.1083667450481803	0.08037519978156249	0.09095747877583434
1:LOH:>40Mb	0.05623572408871824	0.48604286332055924	0.09426177857915698	0.039017854252516186	0.04122726022289228	0.06446726701622055	0.14618047407731896
2:LOH:0-100kb	3.4978891367245524e-06	3.7638922062797063e-06	3.5716333431992096e-06	3.743912030131469e-06	3.8093418911557818e-06	4.011586202182116e-06	3.840979074539064e-06
2:LOH:100kb-1Mb	3.4978891339960683e-06	3.7638922062797063e-06	3.5716333418349678e-06	3.743912030131469e-06	3.8093418957032556e-06	4.011586199908379e-06	3.840979075903306e-06
2:LOH:1Mb-10Mb	3.4978891339960683e-06	3.7638922062797063e-06	3.5716333427444626e-06	3.743912030131469e-06	3.809341893884266e-06	4.011586200817874e-06	3.840979075448559e-06
2:LOH:10Mb-40Mb	3.497889134905563e-06	3.7638922076439486e-06	3.5716333427444626e-06	3.743912030131469e-06	3.8093418920652766e-06	4.011586202636863e-06	3.840979073629569e-06
2:LOH:>40Mb	3.497889134905563e-06	3.7638922062797063e-06	3.5716333431992096e-06	3.7439120296767215e-06	3.8093418929747715e-06	4.011586200817874e-06	3.840979074539064e-06
3-4:LOH:0-100kb	3.4978891339960683e-06	3.7638922062797063e-06	3.571633342289715e-06	3.7439120296767215e-06	3.809341893884266e-06	4.011586200817874e-06	3.840979075448559e-06
3-4:LOH:100kb-1Mb	3.497889134905563e-06	3.763892205370212e-06	3.5716333413802203e-06	3.743912027857732e-06	3.8093418957032556e-06	4.011586198998885e-06	3.8409790768128e-06
3-4:LOH:1Mb-10Mb	3.497889134905563e-06	3.763892205370212e-06	3.5716333413802203e-06	3.743912027857732e-06	3.8093418957032556e-06	4.011586198998885e-06	3.8409790768128e-06
3-4:LOH:10Mb-40Mb	3.497889134905563e-06	3.7638922062797063e-06	3.5716333431992096e-06	3.7439120296767215e-06	3.8093418934295185e-06	4.011586199908379e-06	3.840979075448559e-06
3-4:LOH:>40Mb	3.497889134905563e-06	3.7638922062797063e-06	3.5716333431992096e-06	3.7439120296767215e-06	3.8093418929747715e-06	4.011586200817874e-06	3.840979074539064e-06
5-8:LOH:0-100kb	3.4978891339960683e-06	3.7638922076439486e-06	3.5716333427444626e-06	3.7439120310409633e-06	3.8093418929747715e-06	4.011586202636863e-06	3.840979074539064e-06
5-8:LOH:100kb-1Mb	3.4978891339960683e-06	3.7638922076439486e-06	3.5716333427444626e-06	3.7439120310409633e-06	3.8093418929747715e-06	4.011586202636863e-06	3.840979074539064e-06
5-8:LOH:1Mb-10Mb	3.4978891358150575e-06	3.7638922067344538e-06	3.571633342289715e-06	3.7439120287672266e-06	3.809341893884266e-06	4.011586200817874e-06	3.840979074993811e-06
5-8:LOH:10Mb-40Mb	3.4978891339960683e-06	3.7638922062797063e-06	3.5716333427444626e-06	3.743912030131469e-06	3.809341893884266e-06	4.011586200817874e-06	3.840979075448559e-06
5-8:LOH:>40Mb	3.497889134905563e-06	3.7638922076439486e-06	3.5716333431992096e-06	3.7439120305862163e-06	3.8093418920652766e-06	4.011586202636863e-06	3.840979073629569e-06
9+:LOH:0-100kb	3.4978891339960683e-06	3.7638922076439486e-06	3.571633342289715e-06	3.7439120305862163e-06	3.8093418929747715e-06	4.011586202636863e-06	3.840979074539064e-06
9+:LOH:100kb-1Mb	3.4978891339960683e-06	3.7638922062797063e-06	3.5716333427444626e-06	3.743912030131469e-06	3.809341893884266e-06	4.011586200817874e-06	3.840979075448559e-06
9+:LOH:1Mb-10Mb	3.4978891339960683e-06	3.7638922062797063e-06	3.5716333413802203e-06	3.7439120296767215e-06	3.8093418957032556e-06	4.011586199908379e-06	3.840979075903306e-06
9+:LOH:10Mb-40Mb	3.4978891339960683e-06	3.7638922062797063e-06	3.5716333418349678e-06	3.743912030131469e-06	3.8093418957032556e-06	4.011586199908379e-06	3.840979075903306e-06
9+:LOH:>40Mb	3.497889134905563e-06	3.7638922076439486e-06	3.571633342289715e-06	3.7439120305862163e-06	3.809341893884266e-06	4.0115862017273684e-06	3.8409790740843165e-06
2:het:0-100kb	0.00016065894502222732	0.001932138076606691	0.013557715858817852	0.008245911015194417	0.0002576393961810275	0.001268273900571269	0.005637180088966943
2:het:100kb-1Mb	3.497889134905563e-06	3.763892205370212e-06	3.571633342289715e-06	3.743912027857732e-06	3.809341893884266e-06	4.011586199908379e-06	3.840979076358053e-06
2:het:1Mb-10Mb	0.02276997498487654	0.024742977647285235	0.02032134908306069	0.006787030191858089	0.09002709713955495	0.03502349652192487	0.025221933861562185
2:het:10Mb-40Mb	0.023125497721927856	0.029662696625709917	0.05365627535879879	0.04888264681537046	0.04008642947746288	0.32306426813385586	0.05892123976855029
2:het:>40Mb	0.041083964588753116	0.06285168297155579	0.06943389609125848	0.12218819713948824	0.044144637303028346	0.07750674718004988	0.13574367941232027
3-4:het:0-100kb	0.03944811763727017	0.017170248744699464	0.03439178533480366	0.01326694160244661	0.07033285858540893	0.019088948362175336	0.01666584284612803
3-4:het:100kb-1Mb	3.497889134905563e-06	3.763892205370212e-06	3.5716333418349678e-06	3.743912028312479e-06	3.8093418957032556e-06	4.011586198998885e-06	3.8409790768128e-06
3-4:het:1Mb-10Mb	0.023367808711198593	0.031057305295453395	0.054572332418759445	0.011694226599477288	0.028562853451617975	0.0969409678343444	0.08415907475348411
3-4:het:10Mb-40Mb	0.11125778268390321	0.10668554860752695	0.06678794052452662	0.08236177833529705	0.38738309912757346	0.08612961776693129	0.14831509257237233
3-4:het:>40Mb	0.5427876244485378	0.16975924079383203	0.08477004896204908	0.24065560957997204	0.13624908255733487	0.08035799576559804	0.23657005050016205
5-8:het:0-100kb	3.4978891339960683e-06	3.7638922062797063e-06	3.5716333427444626e-06	3.743912030131469e-06	3.809341893884266e-06	4.011586200817874e-06	3.840979075448559e-06
5-8:het:100kb-1Mb	3.497889134905563e-06	3.7638922062797063e-06	3.5716333427444626e-06	3.743912029221974e-06	3.8093418929747715e-06	4.011586200817874e-06	3.840979074539064e-06
5-8:het:1Mb-10Mb	3.4978891339960683e-06	3.7638922062797063e-06	3.5716333427444626e-06	3.743912030131469e-06	3.809341893884266e-06	4.011586200817874e-06	3.840979075448559e-06
5-8:het:10Mb-40Mb	3.4978891339960683e-06	3.7638922076439486e-06	3.5716333427444626e-06	3.7439120310409633e-06	3.8093418929747715e-06	4.011586202636863e-06	3.840979074539064e-06
5-8:het:>40Mb	3.497889134905563e-06	3.7638922062797063e-06	3.5716333418349678e-06	3.743912029221974e-06	3.8093418947937607e-06	4.011586199908379e-06	3.840979074993811e-06
9+:het:0-100kb	3.4978891339960683e-06	3.7638922062797063e-06	3.5716333427444626e-06	3.743912030131469e-06	3.809341893884266e-06	4.011586200817874e-06	3.840979075448559e-06
9+:het:100kb-1Mb	3.4978891339960683e-06	3.7638922062797063e-06	3.5716333427444626e-06	3.743912030131469e-06	3.809341893884266e-06	4.011586200817874e-06	3.840979075448559e-06
9+:het:1Mb-10Mb	3.497889134905563e-06	3.7638922067344538e-06	3.571633342289715e-06	3.7439120287672266e-06	3.8093418929747715e-06	4.0115862017273684e-06	3.840979075448559e-06
9+:het:10Mb-40Mb	3.4978891339960683e-06	3.7638922076439486e-06	3.5716333427444626e-06	3.7439120310409633e-06	3.8093418929747715e-06	4.011586202636863e-06	3.840979074539064e-06
9+:het:>40Mb	3.4978891339960683e-06	3.7638922062797063e-06	3.5716333418349678e-06	3.743912030131469e-06	3.8093418957032556e-06	4.011586199908379e-06	3.840979075903306e-06
