MutationType	CNV48A	CNV48B	CNV48C	CNV48D	CNV48E	CNV48F	CNV48G	CNV48H	CNV48I	CNV48J
0:homdel:0-100kb	3.869225372177972e-06	3.610014024778848e-06	3.613021239681904e-06	3.7416046356096794e-06	3.3073165068889213e-06	3.5303152314162593e-06	3.948519844190682e-06	4.029790612723791e-06	3.931740540005779e-06	3.85535574337409e-06
0:homdel:100kb-1Mb	3.866939707972016e-06	3.6052078221681293e-06	3.6142570512291284e-06	3.733853564751618e-06	3.3139130006171443e-06	3.531288172126762e-06	3.944611359096942e-06	4.0325448691895354e-06	3.934315100262542e-06	3.862195912215508e-06
0:homdel:>1Mb	3.865978124567743e-06	3.605956319006343e-06	3.6224649992496158e-06	3.738412142963176e-06	3.30722756266906e-06	3.5325827348328427e-06	3.954129416258229e-06	4.020657999253718e-06	3.936191174006121e-06	3.849652222383868e-06
1:LOH:0-100kb	0.043931269582497774	0.0023388540949088724	0.004818300103091813	0.028355384209648667	0.03340717676218246	0.045037809492414746	0.097174655824512	0.030091886486735626	0.019135150163235488	0.03026171232382158
1:LOH:100kb-1Mb	3.873752248530432e-06	3.6057920881715068e-06	3.6172290346447504e-06	3.7381611782561335e-06	3.3147224967011282e-06	3.532233110008577e-06	3.9514290866441565e-06	4.019365419540363e-06	3.928511939793156e-06	3.857642018001719e-06
1:LOH:1Mb-10Mb	0.022524088551702865	0.006405872963973671	0.04331049376924661	0.38897598437177655	0.03586372505931833	0.049952233159958954	0.021382607211363095	0.040803250101664815	0.03355272614869577	0.019253764208476753
1:LOH:10Mb-40Mb	0.02794011329353375	0.05113510995105837	0.5269035084716488	0.07708599003389535	0.04354167979739715	0.2721309607351146	0.06888337423797336	0.07950873436352666	0.08329062293264007	0.1267462106309993
1:LOH:>40Mb	0.06076771580038284	0.5665411250293255	0.07790073382552783	0.039273510783352214	0.07739593155600119	0.04770213145823682	0.0659583563701246	0.14556320143448362	0.06112555003016066	0.19809944387143918
2:LOH:0-100kb	3.864310055014432e-06	3.6062661649165364e-06	3.621221981128611e-06	3.7302362864365167e-06	3.3138103331306223e-06	3.5313294672803173e-06	3.950935661618835e-06	4.022848701863124e-06	3.938089404734835e-06	3.859584550864675e-06
2:LOH:100kb-1Mb	3.865197106956915e-06	3.603663293586364e-06	3.6190204633571965e-06	3.7343605072549707e-06	3.3142448817606958e-06	3.5329240765494455e-06	3.95174984379033e-06	4.022237839358043e-06	3.936527366834086e-06	3.855841376045687e-06
2:LOH:1Mb-10Mb	3.873507336646034e-06	3.6127972791055208e-06	3.6097266927695343e-06	3.736263502838149e-06	3.3173494412558104e-06	3.5318157555602165e-06	3.943255031238787e-06	4.013572979186375e-06	3.934091108794391e-06	3.8698798431036225e-06
2:LOH:10Mb-40Mb	3.8651684807513215e-06	3.602677907174355e-06	3.6177124675964735e-06	3.729711149498816e-06	3.3070510413767427e-06	3.53601059245613e-06	3.9620201705167295e-06	4.0302334012130715e-06	3.93722679871833e-06	3.8500397060178455e-06
2:LOH:>40Mb	3.867927414728388e-06	3.6084601261293274e-06	3.6141839316072323e-06	3.736739052192726e-06	3.3106683752542662e-06	3.5315487199093617e-06	3.950480360433374e-06	4.025046682081533e-06	3.932158927530682e-06	3.859418118888227e-06
3-4:LOH:0-100kb	3.862067139124267e-06	3.613798959467285e-06	3.6199626865230615e-06	3.736502487865871e-06	3.308527341257311e-06	3.528401229602467e-06	3.955323680980867e-06	4.030106185070355e-06	3.925424313566128e-06	3.851628027191517e-06
3-4:LOH:100kb-1Mb	3.872510279176659e-06	3.6006813508629157e-06	3.614276226974161e-06	3.7375902795590866e-06	3.3078165790212165e-06	3.540149865983751e-06	3.941887286387067e-06	4.031927031853165e-06	3.937397239691443e-06	3.857830253080296e-06
3-4:LOH:1Mb-10Mb	3.871966645869243e-06	3.605191909380574e-06	3.618605497418211e-06	3.7380081253995532e-06	3.3082624437681123e-06	3.530420835121219e-06	3.951934322009277e-06	4.0261510334584255e-06	3.929375661484325e-06	3.8579547486274e-06
3-4:LOH:10Mb-40Mb	3.862420481941543e-06	3.6115990625926466e-06	3.618782559469293e-06	3.7383442089880285e-06	3.3144060155808527e-06	3.52624895665945e-06	3.9526271450720255e-06	4.022759433107663e-06	3.9294779111039846e-06	3.856070304355026e-06
3-4:LOH:>40Mb	3.8700163786653276e-06	3.6044391166644437e-06	3.618507335632266e-06	3.7377841611164023e-06	3.3104505428918146e-06	3.5310825639677084e-06	3.9556251388101694e-06	4.0205662290568294e-06	3.933979847354552e-06	3.8525620915845e-06
5-8:LOH:0-100kb	3.866097115259092e-06	3.6126106392480956e-06	3.612054176303146e-06	3.7395167375656105e-06	3.310859083369322e-06	3.5274361637493856e-06	3.9518487004065725e-06	4.023476866647741e-06	3.929920649265784e-06	3.8621285444295796e-06
5-8:LOH:100kb-1Mb	3.863226637908757e-06	3.6061827039641106e-06	3.6203639551409127e-06	3.7412984884617597e-06	3.3087416993338122e-06	3.5342120345658847e-06	3.951669461084068e-06	4.020510210083193e-06	3.937979947620573e-06	3.85062850585209e-06
5-8:LOH:1Mb-10Mb	3.866021089127915e-06	3.6077775471227736e-06	3.61449688274578e-06	3.7379709792814135e-06	3.3110533416010952e-06	3.534401407904918e-06	3.946602463891735e-06	4.024395281621897e-06	3.936786471784859e-06	3.859367070816571e-06
5-8:LOH:10Mb-40Mb	3.8600720821558344e-06	3.6096586566217187e-06	3.614923591745712e-06	3.7394974427890186e-06	3.3085206437822516e-06	3.5360021240964247e-06	3.947514554851905e-06	4.019650640176351e-06	3.943985338083711e-06	3.8588343333870485e-06
5-8:LOH:>40Mb	3.865720056552785e-06	3.602687862689428e-06	3.618887887932391e-06	3.7265653309181048e-06	3.3097445200156985e-06	3.5369466164334633e-06	3.950342356793408e-06	4.033784930980682e-06	3.934452258259391e-06	3.857716052076522e-06
9+:LOH:0-100kb	3.863066418907718e-06	3.605307386336411e-06	3.619024703341772e-06	3.7312377176700927e-06	3.3131339174113927e-06	3.5356146539982328e-06	3.957761511578887e-06	4.02039065497065e-06	3.939032838532086e-06	3.851283309163992e-06
9+:LOH:100kb-1Mb	3.866994072374198e-06	3.603905637783534e-06	3.616484302075288e-06	3.739106209221905e-06	3.314936194556902e-06	3.53352554461221e-06	3.947584134137267e-06	4.021799838129774e-06	3.9357087855568796e-06	3.8565592292463806e-06
9+:LOH:1Mb-10Mb	3.862198087523342e-06	3.6000730035604957e-06	3.6205732805475655e-06	3.724843071651383e-06	3.3202970422033623e-06	3.532563540517422e-06	3.952571195115035e-06	4.0317461653202635e-06	3.932831372808421e-06	3.860372504956036e-06
9+:LOH:10Mb-40Mb	3.870675236016931e-06	3.6078934289393677e-06	3.6153605513957413e-06	3.737225407021793e-06	3.3123501355364873e-06	3.5304247581683066e-06	3.957680307864035e-06	4.014763465711573e-06	3.9348403973583634e-06	3.853314335001217e-06
9+:LOH:>40Mb	3.869140973452415e-06	3.6127353552684973e-06	3.6135846639815142e-06	3.735934536220336e-06	3.308141796005228e-06	3.5267931509943385e-06	3.951422447771701e-06	4.02834911561063e-06	3.927626007261264e-06	3.86360155072095e-06
2:het:0-100kb	2.9066386508276665e-06	0.0010737806828067346	0.014840446274590599	0.004584264915928207	0.0005003778095291389	0.007751559864412659	0.0011923086688012449	0.011971524041308374	3.4010743109306056e-06	0.006377684397787215
2:het:100kb-1Mb	3.8640328717646e-06	3.606089385416426e-06	3.608480663894147e-06	3.7361612095831285e-06	3.3121410841720184e-06	3.530286325453716e-06	3.953153171916532e-06	4.031084908762882e-06	3.936480278880605e-06	3.860282189715922e-06
2:het:1Mb-10Mb	0.05393505804783014	0.030500587720752214	0.027483416895558402	0.005282773880317794	0.030306349396447357	0.02974160867330091	0.02262799193518897	0.018053643862612923	0.09220822443427765	0.02221569195670871
2:het:10Mb-40Mb	0.034080835692873145	0.029170853824167165	0.04860655653112559	0.0440130010684209	0.028884367474228616	0.04767170481306429	0.41635773461312053	0.05190076647387233	0.0359853943457471	0.08324392093766238
2:het:>40Mb	0.0596158599681175	0.03905402441020931	0.05442110712700083	0.0836192276089549	0.034324165202325875	0.04963702926151665	0.0605771537785231	0.33703637139304193	0.041940915047710636	0.06892860839946839
3-4:het:0-100kb	0.028667828381419524	0.029161637170038668	0.0371911455103469	0.014664613866731803	0.03949678340635512	0.04232975446191665	0.023944027005566706	0.007741573203725309	0.06906453320836946	0.024055332831903347
3-4:het:100kb-1Mb	3.8618571855706e-06	3.6009991647715537e-06	3.619050712327278e-06	3.7343098650634738e-06	3.314109988153855e-06	3.5343751875102055e-06	3.9570452785565935e-06	4.022024787190401e-06	3.9399291926753845e-06	3.847786992892342e-06
3-4:het:1Mb-10Mb	0.019870402404392536	0.00988180857792031	0.030964668370643048	0.009405484510471098	0.025263154613282955	0.031011703321957875	0.06024863016972782	0.023199442888170958	0.02242151495567491	0.24660968681404274
3-4:het:10Mb-40Mb	0.27892455403443345	0.09535776105595428	0.08153429054168249	0.07723622285519464	0.057153591048761686	0.07741853764112884	0.08348621160536172	0.11625701473523924	0.4631597485567311	0.07913632295502687
3-4:het:>40Mb	0.3696002053030003	0.13924877227571042	0.05189515915583429	0.22736904255320672	0.5937434908151626	0.29948778987233365	0.07802468844347175	0.13772771511545778	0.07797054483278987	0.0949327620828987
5-8:het:0-100kb	3.865867674787151e-06	3.6046211034631442e-06	3.6175444853026855e-06	3.736969812016682e-06	3.308926580639365e-06	3.5344164303694517e-06	3.949333157967075e-06	4.022808242698055e-06	3.939766408760925e-06	3.8579150136452325e-06
5-8:het:100kb-1Mb	3.867986637063911e-06	3.603751768545458e-06	3.61954787860713e-06	3.734840213144166e-06	3.312143527434608e-06	3.5310086142596845e-06	3.9543509494391235e-06	4.025576086554369e-06	3.934464191972298e-06	3.852340864072308e-06
5-8:het:1Mb-10Mb	3.864708075392977e-06	3.603379310793147e-06	3.6144449850581e-06	3.7388739998266988e-06	3.3102716880543123e-06	3.538702295116404e-06	3.949028693576518e-06	4.021834522180697e-06	3.941127042960235e-06	3.85504551146174e-06
5-8:het:10Mb-40Mb	3.868909399084469e-06	3.6062308205783904e-06	3.615913429312717e-06	3.7399401558386508e-06	3.309530361814597e-06	3.531164718166853e-06	3.949639758522564e-06	4.022474012795458e-06	3.934974260237478e-06	3.858569151188418e-06
5-8:het:>40Mb	3.864595796551077e-06	3.604039190396122e-06	3.6172854767198526e-06	3.733851995288677e-06	3.3077905112364686e-06	3.5348954839093073e-06	3.960747930095779e-06	4.023744257581815e-06	3.935988988362893e-06	3.851165718932298e-06
9+:het:0-100kb	3.860319947852609e-06	3.6039346938945844e-06	3.6158275395741213e-06	3.726681313889254e-06	3.3102210885162123e-06	3.5362601484807825e-06	3.950182350467692e-06	4.034741975070814e-06	3.938307196520552e-06	3.863028775991542e-06
9+:het:100kb-1Mb	3.866990489216036e-06	3.6022062799279225e-06	3.612871351519985e-06	3.7394801815615057e-06	3.3116904135975223e-06	3.5351215722974184e-06	3.949295504235871e-06	4.0276887985336475e-06	3.9365918957140476e-06	3.855489126581485e-06
9+:het:1Mb-10Mb	3.861991035387319e-06	3.6089686856942713e-06	3.614685321195042e-06	3.734412099573521e-06	3.309882782393846e-06	3.533994844276134e-06	3.953190642971316e-06	4.021480977349376e-06	3.940130827435828e-06	3.859285736588227e-06
9+:het:10Mb-40Mb	3.855176638992506e-06	3.6158005657415227e-06	3.6102539893293813e-06	3.7330235625448326e-06	3.312032346903053e-06	3.529855822789104e-06	3.950316590486666e-06	4.028233068685559e-06	3.939960959180699e-06	3.858301733515179e-06
9+:het:>40Mb	3.872268187888383e-06	3.609173136923205e-06	3.616533351619601e-06	3.738279425611087e-06	3.314490656861092e-06	3.5275209287086665e-06	3.943669983908294e-06	4.026255483845873e-06	3.926724407614823e-06	3.866144440563464e-06
