MutationType	CNV48A	CNV48B	CNV48C	CNV48D	CNV48E	CNV48F	CNV48G	CNV48H
0:homdel:0-100kb	1.65E-08	1.57E-08	1.79E-08	1.55E-08	1.70E-08	2.46E-08	2.00E-08	1.76E-08
0:homdel:100kb-1Mb	1.65E-08	1.57E-08	1.79E-08	1.55E-08	1.70E-08	2.46E-08	2.00E-08	1.76E-08
0:homdel:>1Mb	1.65E-08	1.57E-08	1.79E-08	1.55E-08	1.70E-08	2.46E-08	2.00E-08	1.76E-08
1:LOH:0-100kb	3.10E-03	9.48E-04	3.18E-03	1.67E-03	2.09E-03	3.77E-03	6.00E-03	4.74E-03
1:LOH:100kb-1Mb	1.65E-08	1.57E-08	1.79E-08	1.55E-08	1.70E-08	2.46E-08	2.00E-08	1.76E-08
1:LOH:1Mb-10Mb	2.54E-03	7.98E-04	3.04E-03	4.08E-03	7.96E-03	2.44E-03	2.42E-03	2.44E-03
1:LOH:10Mb-40Mb	3.06E-03	5.37E-03	5.11E-03	7.90E-03	4.90E-03	4.80E-03	4.27E-03	6.90E-03
1:LOH:>40Mb	4.68E-03	7.36E-03	4.36E-03	5.12E-03	3.44E-03	6.30E-03	4.46E-03	4.62E-03
2:LOH:0-100kb	1.65E-08	1.57E-08	1.79E-08	1.55E-08	1.70E-08	2.46E-08	2.00E-08	1.76E-08
2:LOH:100kb-1Mb	1.65E-08	1.57E-08	1.79E-08	1.55E-08	1.70E-08	2.46E-08	2.00E-08	1.76E-08
2:LOH:1Mb-10Mb	1.65E-08	1.57E-08	1.79E-08	1.55E-08	1.70E-08	2.46E-08	2.00E-08	1.76E-08
2:LOH:10Mb-40Mb	1.65E-08	1.57E-08	1.79E-08	1.55E-08	1.70E-08	2.46E-08	2.00E-08	1.76E-08
2:LOH:>40Mb	1.65E-08	1.57E-08	1.79E-08	1.55E-08	1.70E-08	2.46E-08	2.00E-08	1.76E-08
3-4:LOH:0-100kb	1.65E-08	1.57E-08	1.79E-08	1.55E-08	1.70E-08	2.46E-08	2.00E-08	1.76E-08
3-4:LOH:100kb-1Mb	1.65E-08	1.57E-08	1.79E-08	1.55E-08	1.70E-08	2.46E-08	2.00E-08	1.76E-08
3-4:LOH:1Mb-10Mb	1.65E-08	1.57E-08	1.79E-08	1.55E-08	1.70E-08	2.46E-08	2.00E-08	1.76E-08
3-4:LOH:10Mb-40Mb	1.65E-08	1.57E-08	1.79E-08	1.55E-08	1.70E-08	2.46E-08	2.00E-08	1.76E-08
3-4:LOH:>40Mb	1.65E-08	1.57E-08	1.79E-08	1.55E-08	1.70E-08	2.46E-08	2.00E-08	1.76E-08
5-8:LOH:0-100kb	1.65E-08	1.57E-08	1.79E-08	1.55E-08	1.70E-08	2.46E-08	2.00E-08	1.76E-08
5-8:LOH:100kb-1Mb	1.65E-08	1.57E-08	1.79E-08	1.55E-08	1.70E-08	2.46E-08	2.00E-08	1.76E-08
5-8:LOH:1Mb-10Mb	1.65E-08	1.57E-08	1.79E-08	1.55E-08	1.70E-08	2.46E-08	2.00E-08	1.76E-08
5-8:LOH:10Mb-40Mb	1.65E-08	1.57E-08	1.79E-08	1.55E-08	1.70E-08	2.46E-08	2.00E-08	1.76E-08
5-8:LOH:>40Mb	1.65E-08	1.57E-08	1.79E-08	1.55E-08	1.70E-08	2.46E-08	2.00E-08	1.76E-08
9+:LOH:0-100kb	1.65E-08	1.57E-08	1.79E-08	1.55E-08	1.70E-08	2.46E-08	2.00E-08	1.76E-08
9+:LOH:100kb-1Mb	1.65E-08	1.57E-08	1.79E-08	1.55E-08	1.70E-08	2.46E-08	2.00E-08	1.76E-08
9+:LOH:1Mb-10Mb	1.65E-08	1.57E-08	1.79E-08	1.55E-08	1.70E-08	2.46E-08	2.00E-08	1.76E-08
9+:LOH:10Mb-40Mb	1.65E-08	1.57E-08	1.79E-08	1.55E-08	1.70E-08	2.46E-08	2.00E-08	1.76E-08
9+:LOH:>40Mb	1.65E-08	1.57E-08	1.79E-08	1.55E-08	1.70E-08	2.46E-08	2.00E-08	1.76E-08
2:het:0-100kb	1.06E-04	4.63E-04	2.17E-04	1.38E-03	7.91E-04	1.07E-03	5.73E-04	8.54E-04
2:het:100kb-1Mb	1.65E-08	1.57E-08	1.79E-08	1.55E-08	1.70E-08	2.46E-08	2.00E-08	1.76E-08
2:het:1Mb-10Mb	2.30E-03	2.48E-03	5.96E-03	3.19E-03	1.01E-03	3.18E-03	3.33E-03	4.05E-03
2:het:10Mb-40Mb	2.45E-03	2.65E-03	3.36E-03	3.53E-03	3.08E-03	4.09E-03	7.82E-03	3.45E-03
2:het:>40Mb	3.67E-03	2.79E-03	3.31E-03	4.05E-03	4.61E-03	7.82E-03	3.75E-03	3.23E-03
3-4:het:0-100kb	3.21E-03	2.33E-03	4.87E-03	3.05E-03	2.19E-03	3.43E-03	2.06E-03	4.00E-03
3-4:het:100kb-1Mb	1.65E-08	1.57E-08	1.79E-08	1.55E-08	1.70E-08	2.46E-08	2.00E-08	1.76E-08
3-4:het:1Mb-10Mb	2.56E-03	2.52E-03	1.99E-03	3.42E-03	2.10E-03	7.23E-03	5.54E-03	3.67E-03
3-4:het:10Mb-40Mb	4.86E-03	4.78E-03	7.83E-03	4.45E-03	4.64E-03	6.06E-03	4.04E-03	5.82E-03
3-4:het:>40Mb	6.91E-03	6.27E-03	5.90E-03	4.40E-03	8.23E-03	5.89E-03	4.38E-03	7.19E-03
5-8:het:0-100kb	1.65E-08	1.57E-08	1.79E-08	1.55E-08	1.70E-08	2.46E-08	2.00E-08	1.76E-08
5-8:het:100kb-1Mb	1.65E-08	1.57E-08	1.79E-08	1.55E-08	1.70E-08	2.46E-08	2.00E-08	1.76E-08
5-8:het:1Mb-10Mb	1.65E-08	1.57E-08	1.79E-08	1.55E-08	1.70E-08	2.46E-08	2.00E-08	1.76E-08
5-8:het:10Mb-40Mb	1.65E-08	1.57E-08	1.79E-08	1.55E-08	1.70E-08	2.46E-08	2.00E-08	1.76E-08
5-8:het:>40Mb	1.65E-08	1.57E-08	1.79E-08	1.55E-08	1.70E-08	2.46E-08	2.00E-08	1.76E-08
9+:het:0-100kb	1.65E-08	1.57E-08	1.79E-08	1.55E-08	1.70E-08	2.46E-08	2.00E-08	1.76E-08
9+:het:100kb-1Mb	1.65E-08	1.57E-08	1.79E-08	1.55E-08	1.70E-08	2.46E-08	2.00E-08	1.76E-08
9+:het:1Mb-10Mb	1.65E-08	1.57E-08	1.79E-08	1.55E-08	1.70E-08	2.46E-08	2.00E-08	1.76E-08
9+:het:10Mb-40Mb	1.65E-08	1.57E-08	1.79E-08	1.55E-08	1.70E-08	2.46E-08	2.00E-08	1.76E-08
9+:het:>40Mb	1.65E-08	1.57E-08	1.79E-08	1.55E-08	1.70E-08	2.46E-08	2.00E-08	1.76E-08
