NMF_Replicate	L1	L1 %	L2	L2 %	KL Divergence	Correlation	Convergence Iterations
1	3.093	17.57	1.453	13.265	0.078	0.989	3000.0
2	4.203	23.856	2.143	19.387	0.119	0.976	4000.0
3	3.477	19.67	1.787	15.394	0.068	0.989	2000.0
4	4.776	26.761	2.397	21.91	0.085	0.974	2000.0
5	3.228	18.1	1.508	14.044	0.075	0.987	3000.0
6	3.083	17.384	1.443	12.543	0.072	0.992	2000.0
7	4.373	24.413	1.916	19.114	0.115	0.977	5000.0
8	3.569	20.364	1.798	16.401	0.083	0.987	3000.0
9	3.532	19.821	1.75	15.963	0.086	0.983	3000.0
10	3.323	18.577	1.63	14.41	0.073	0.99	3000.0
11	3.419	18.993	1.665	15.451	0.094	0.983	4000.0
12	5.019	28.748	2.487	23.377	0.119	0.97	2000.0
13	3.774	21.335	1.76	16.854	0.097	0.981	3000.0
14	3.065	17.382	1.423	12.77	0.093	0.991	3000.0
15	4.006	22.257	1.938	18.275	0.074	0.976	2000.0
16	6.23	34.71	3.154	29.024	0.121	0.957	3000.0
17	2.777	15.128	1.402	12.359	0.048	0.99	3000.0
18	3.697	20.684	1.808	17.476	0.1	0.982	2000.0
19	3.129	17.388	1.541	12.902	0.062	0.991	4000.0
20	3.861	21.638	1.872	16.405	0.097	0.988	3000.0
21	5.313	29.802	2.697	24.362	0.102	0.961	7000.0
22	3.027	17.298	1.569	14.236	0.079	0.989	2000.0
23	4.114	22.935	2.033	17.628	0.078	0.986	3000.0
24	5.194	28.971	2.487	24.016	0.127	0.966	2000.0
25	3.515	20.308	1.863	16.752	0.078	0.982	6000.0
26	3.374	18.353	1.553	14.408	0.085	0.989	2000.0
27	4.056	22.716	1.972	17.965	0.082	0.985	2000.0
28	2.127	12.095	1.086	9.96	0.046	0.993	4000.0
29	3.162	18.028	1.494	13.274	0.074	0.99	2000.0
30	4.067	22.965	1.939	18.814	0.111	0.98	4000.0
31	4.498	24.903	2.168	19.062	0.092	0.983	3000.0
32	4.039	22.379	1.938	17.315	0.102	0.981	3000.0
33	3.632	20.855	1.81	16.059	0.083	0.987	4000.0
34	2.987	16.782	1.461	12.863	0.06	0.992	3000.0
35	4.427	24.637	2.06	19.326	0.115	0.981	4000.0
36	3.456	19.406	1.583	14.912	0.092	0.988	3000.0
37	3.898	21.8	1.865	16.448	0.086	0.985	2000.0
38	4.168	23.742	2.196	19.211	0.085	0.972	3000.0
39	3.963	23.377	1.939	19.357	0.099	0.979	2000.0
40	3.47	19.215	1.708	14.793	0.085	0.986	3000.0
41	3.014	16.832	1.402	13.18	0.081	0.989	2000.0
42	4.041	22.927	2.184	20.045	0.075	0.97	4000.0
43	2.876	15.982	1.424	11.764	0.064	0.994	4000.0
44	4.721	27.172	2.28	21.502	0.097	0.975	5000.0
45	5.212	30.301	2.544	23.46	0.115	0.966	2000.0
46	4.571	25.376	2.212	20.378	0.1	0.978	4000.0
47	3.607	20.127	1.664	15.71	0.091	0.986	2000.0
48	3.569	19.628	1.749	16.232	0.095	0.981	3000.0
49	3.883	21.4	1.924	18.576	0.077	0.979	2000.0
50	4.026	22.802	2.087	18.38	0.083	0.985	2000.0
51	3.509	20.134	1.677	15.849	0.088	0.983	3000.0
52	3.846	21.47	1.92	17.281	0.095	0.983	3000.0
53	3.223	17.376	1.629	14.146	0.075	0.987	5000.0
54	4.036	22.724	1.97	18.206	0.096	0.981	4000.0
55	3.35	18.45	1.689	15.466	0.073	0.986	2000.0
56	4.332	25.009	2.184	19.837	0.11	0.975	3000.0
57	2.866	16.176	1.409	12.487	0.086	0.992	20000.0
58	4.32	24.435	2.013	18.029	0.111	0.983	3000.0
59	4.629	25.942	2.242	21.662	0.098	0.97	2000.0
60	3.072	17.249	1.533	13.894	0.067	0.989	2000.0
61	2.99	17.42	1.588	15.532	0.068	0.984	2000.0
62	3.556	20.35	1.888	17.327	0.092	0.984	4000.0
63	2.575	14.545	1.246	11.18	0.058	0.993	3000.0
64	2.906	16.08	1.358	12.566	0.064	0.99	5000.0
65	3.641	20.929	1.885	16.854	0.066	0.985	4000.0
66	2.728	15.27	1.321	11.356	0.076	0.993	3000.0
67	3.959	22.488	2.093	18.74	0.083	0.975	2000.0
68	4.079	22.98	2.068	17.986	0.105	0.984	4000.0
69	4.05	22.902	1.878	18.553	0.105	0.979	3000.0
70	2.594	14.553	1.323	11.602	0.048	0.992	3000.0
71	3.552	20.042	1.641	15.376	0.087	0.987	3000.0
72	3.252	18.212	1.59	13.824	0.089	0.991	17000.0
73	4.452	24.542	2.131	18.726	0.113	0.981	3000.0
74	4.914	27.912	2.377	23.11	0.107	0.97	3000.0
75	6.199	35.222	3.147	28.785	0.158	0.956	3000.0
76	3.855	21.593	1.962	17.798	0.092	0.983	4000.0
77	3.543	20.148	1.897	17.038	0.067	0.98	4000.0
78	4.016	23.001	1.978	19.083	0.095	0.978	4000.0
79	4.136	22.907	1.959	17.151	0.096	0.985	2000.0
80	3.195	17.772	1.476	13.146	0.079	0.99	2000.0
81	4.822	27.047	2.507	24.521	0.089	0.966	2000.0
82	2.923	16.602	1.382	12.369	0.076	0.992	3000.0
83	4.446	25.087	2.232	20.28	0.092	0.981	3000.0
84	5.279	30.03	2.507	24.765	0.139	0.965	3000.0
85	4.614	26.141	2.339	20.877	0.107	0.975	11000.0
86	4.591	26.552	2.301	22.067	0.103	0.973	4000.0
87	4.115	23.522	2.096	19.533	0.078	0.976	2000.0
88	5.852	33.36	2.952	28.457	0.124	0.957	2000.0
89	3.949	22.368	1.757	16.055	0.114	0.987	3000.0
90	3.324	18.921	1.645	14.584	0.067	0.987	4000.0
91	4.249	23.811	2.132	18.708	0.081	0.98	2000.0
92	4.213	24.195	2.107	19.905	0.107	0.977	2000.0
93	3.573	19.756	1.684	15.525	0.081	0.986	5000.0
94	4.151	24.12	2.109	19.446	0.088	0.98	3000.0
95	4.066	23.06	2.125	18.265	0.1	0.984	2000.0
96	4.522	25.156	2.325	22.027	0.078	0.975	5000.0
97	4.263	23.951	2.03	18.07	0.11	0.984	3000.0
98	4.118	22.64	1.946	17.069	0.089	0.982	2000.0
99	3.434	19.332	1.685	16.182	0.055	0.984	4000.0
100	3.918	21.712	1.78	16.02	0.098	0.988	3000.0
101	4.06	22.213	1.786	16.117	0.115	0.984	3000.0
102	4.062	23.045	1.968	17.773	0.095	0.982	4000.0
103	4.401	24.702	2.165	18.888	0.109	0.981	5000.0
104	2.947	16.021	1.354	12.113	0.061	0.991	12000.0
105	3.293	18.466	1.642	14.422	0.078	0.99	3000.0
106	3.649	20.291	2.047	18.466	0.049	0.979	2000.0
107	4.367	24.824	2.273	20.27	0.091	0.981	4000.0
108	4.01	22.786	1.906	17.883	0.103	0.979	2000.0
109	4.47	24.736	2.159	20.406	0.075	0.976	3000.0
110	3.798	21.375	1.913	17.494	0.092	0.98	3000.0
111	4.25	23.863	2.157	19.343	0.096	0.979	2000.0
112	3.305	18.995	1.651	14.506	0.105	0.988	3000.0
113	4.979	28.547	2.466	23.772	0.132	0.965	2000.0
114	4.825	27.251	2.277	20.466	0.136	0.972	2000.0
115	4.069	22.595	1.868	17.617	0.1	0.979	2000.0
116	3.166	17.838	1.52	13.319	0.083	0.991	4000.0
117	3.972	22.205	1.964	17.352	0.112	0.98	5000.0
118	4.388	25.056	2.314	19.788	0.115	0.974	3000.0
119	2.505	13.911	1.367	11.675	0.056	0.992	2000.0
120	2.649	15.047	1.334	12.438	0.047	0.991	2000.0
121	3.607	20.029	1.676	15.561	0.088	0.987	3000.0
122	3.852	21.414	1.894	17.719	0.096	0.981	4000.0
123	4.928	28.093	2.311	22.337	0.115	0.972	4000.0
124	3.282	18.105	1.693	14.818	0.052	0.988	2000.0
125	4.025	22.285	1.927	18.119	0.08	0.976	9000.0
126	3.119	17.707	1.667	15.886	0.092	0.984	3000.0
127	3.449	19.111	1.706	15.34	0.063	0.989	3000.0
128	3.01	17.197	1.513	13.66	0.074	0.989	4000.0
129	3.902	21.386	1.905	16.58	0.071	0.986	25000.0
130	3.839	21.664	1.914	17.519	0.08	0.983	4000.0
131	3.464	19.718	1.698	15.874	0.079	0.985	4000.0
132	3.778	20.997	1.841	16.46	0.085	0.986	2000.0
133	3.913	22.504	1.9	18.208	0.088	0.982	3000.0
134	4.287	23.683	2.117	19.374	0.088	0.982	3000.0
135	4.919	27.64	2.46	21.371	0.114	0.978	4000.0
136	5.308	30.611	2.7	25.487	0.106	0.965	2000.0
137	2.356	13.221	1.152	9.673	0.054	0.995	3000.0
138	3.671	20.805	1.892	17.164	0.074	0.983	4000.0
139	3.132	17.631	1.586	14.023	0.088	0.988	2000.0
140	3.285	18.367	1.695	15.503	0.053	0.985	3000.0
141	4.17	22.838	2.04	18.833	0.102	0.978	3000.0
142	4.213	23.504	2.14	19.246	0.084	0.978	4000.0
143	3.015	17.117	1.457	12.888	0.084	0.99	3000.0
144	3.143	17.916	1.442	13.025	0.077	0.992	2000.0
145	4.184	23.926	1.942	17.749	0.095	0.983	4000.0
146	3.701	20.891	1.981	17.133	0.067	0.987	3000.0
147	3.799	21.158	1.837	16.292	0.075	0.988	3000.0
148	4.22	23.336	2.056	17.979	0.096	0.983	2000.0
149	2.298	12.97	1.096	10.204	0.048	0.993	4000.0
150	4.248	23.834	2.244	19.001	0.072	0.981	3000.0
151	4.365	24.146	2.02	18.853	0.098	0.978	3000.0
152	3.735	20.876	1.832	17.943	0.098	0.976	2000.0
153	3.395	18.936	1.777	16.49	0.075	0.984	3000.0
154	3.639	20.271	1.775	16.968	0.08	0.984	2000.0
155	4.294	24.061	2.088	19.115	0.106	0.979	2000.0
156	2.9	16.138	1.371	12.163	0.081	0.99	4000.0
157	4.273	24.096	2.043	19.081	0.086	0.977	2000.0
158	3.713	20.789	1.709	15.494	0.086	0.987	2000.0
159	4.55	26.155	2.121	20.809	0.106	0.972	2000.0
160	2.978	16.836	1.421	12.306	0.081	0.991	10000.0
161	3.682	20.45	1.715	16.534	0.097	0.984	3000.0
162	3.648	20.447	1.684	15.234	0.105	0.987	3000.0
163	3.238	18.008	1.706	15.23	0.086	0.984	3000.0
164	3.355	19.077	1.579	13.99	0.095	0.987	3000.0
165	3.364	19.338	1.635	15.512	0.07	0.987	5000.0
166	3.434	19.514	1.581	13.801	0.083	0.989	2000.0
167	4.36	24.281	2.067	19.428	0.097	0.976	2000.0
168	2.914	16.598	1.63	15.078	0.059	0.986	2000.0
169	3.864	21.516	1.846	16.822	0.098	0.986	5000.0
170	3.96	22.422	1.875	16.786	0.107	0.986	3000.0
171	4.39	24.427	2.257	19.944	0.085	0.982	2000.0
172	4.709	26.199	2.339	22.179	0.107	0.968	2000.0
173	3.858	21.481	1.875	17.396	0.102	0.982	4000.0
174	3.463	19.626	1.653	14.957	0.095	0.989	4000.0
175	3.71	20.902	1.784	16.124	0.1	0.982	3000.0
176	4.791	26.79	2.275	20.498	0.107	0.973	4000.0
177	4.549	25.909	2.309	21.013	0.112	0.976	4000.0
178	4.766	27.425	2.358	21.73	0.123	0.975	3000.0
179	3.728	20.98	1.883	16.442	0.096	0.982	2000.0
180	3.303	18.45	1.697	15.889	0.088	0.984	2000.0
181	4.257	23.722	2.009	18.952	0.112	0.978	5000.0
182	3.443	19.562	1.761	17.086	0.08	0.979	16000.0
183	3.513	19.714	1.752	16.421	0.08	0.985	3000.0
184	4.11	23.356	1.961	19.882	0.101	0.969	3000.0
185	2.604	14.625	1.295	11.156	0.077	0.992	2000.0
186	4.021	22.33	1.976	18.47	0.075	0.977	3000.0
187	3.665	20.418	1.759	15.944	0.092	0.985	3000.0
188	3.934	22.183	1.874	17.655	0.082	0.984	3000.0
189	3.33	19.081	1.498	14.415	0.097	0.983	19000.0
190	2.705	15.211	1.313	11.564	0.05	0.992	5000.0
191	4.019	22.412	1.967	17.872	0.091	0.985	5000.0
192	3.407	18.864	1.648	14.492	0.066	0.988	2000.0
193	3.845	21.844	1.858	17.108	0.103	0.984	3000.0
194	3.022	17.111	1.443	13.47	0.071	0.989	2000.0
195	4.354	24.819	1.969	18.281	0.098	0.984	2000.0
196	4.009	22.537	1.904	17.453	0.098	0.984	5000.0
197	3.206	18.278	1.511	13.408	0.088	0.989	2000.0
198	3.53	20.036	1.724	15.914	0.095	0.985	2000.0
199	2.878	15.992	1.425	12.637	0.069	0.99	5000.0
200	4.241	23.843	1.955	18.778	0.098	0.98	3000.0
201	4.481	25.752	2.125	20.186	0.108	0.97	2000.0
202	4.883	26.974	2.661	25.281	0.075	0.964	4000.0
203	3.638	20.276	1.601	14.19	0.108	0.989	3000.0
204	3.053	17.091	1.555	13.674	0.068	0.99	3000.0
205	3.82	21.725	1.917	17.788	0.088	0.981	3000.0
206	3.357	18.638	1.637	14.914	0.073	0.987	3000.0
207	3.347	18.754	1.584	14.647	0.086	0.988	3000.0
208	3.932	22.47	1.899	16.745	0.103	0.985	3000.0
209	3.676	20.763	1.789	17.0	0.07	0.983	2000.0
210	3.399	19.631	1.619	15.106	0.087	0.986	25000.0
211	2.103	11.601	1.044	8.793	0.039	0.996	2000.0
212	3.251	18.224	1.694	15.101	0.086	0.985	2000.0
213	3.466	19.531	1.718	15.838	0.076	0.982	6000.0
214	3.955	22.893	2.028	18.846	0.076	0.977	3000.0
215	4.105	23.547	2.055	19.094	0.116	0.976	3000.0
216	4.445	25.126	2.026	19.847	0.106	0.976	2000.0
217	4.729	26.364	2.556	22.894	0.107	0.957	3000.0
218	3.241	18.421	1.653	14.108	0.069	0.992	3000.0
219	4.766	26.945	2.581	23.213	0.063	0.972	2000.0
220	3.203	18.225	1.568	13.886	0.081	0.99	3000.0
221	3.804	21.518	1.81	15.605	0.095	0.988	3000.0
222	2.949	16.72	1.422	13.95	0.094	0.986	6000.0
223	3.403	18.947	1.795	15.835	0.065	0.985	3000.0
224	4.619	25.89	2.233	20.634	0.105	0.98	3000.0
225	2.12	11.946	1.08	9.243	0.049	0.994	12000.0
226	4.521	24.799	2.141	19.696	0.103	0.98	2000.0
227	2.669	15.034	1.359	12.206	0.042	0.992	3000.0
228	4.139	23.449	2.174	20.098	0.077	0.976	4000.0
229	2.936	16.423	1.41	12.855	0.078	0.989	11000.0
230	4.513	25.956	2.314	21.226	0.089	0.978	4000.0
231	3.052	17.468	1.505	13.727	0.079	0.989	4000.0
232	2.973	16.514	1.414	12.646	0.073	0.991	4000.0
233	4.407	24.958	2.03	19.178	0.126	0.977	3000.0
234	2.638	14.814	1.373	12.684	0.043	0.99	2000.0
235	3.268	18.137	1.444	12.821	0.076	0.992	4000.0
236	3.312	18.714	1.58	14.63	0.072	0.988	3000.0
237	3.91	22.344	2.091	19.877	0.082	0.978	8000.0
238	4.628	26.084	2.298	21.376	0.104	0.978	2000.0
239	3.399	19.178	1.65	15.947	0.085	0.985	3000.0
240	3.813	20.982	1.717	15.886	0.106	0.984	5000.0
241	3.369	18.754	1.58	15.593	0.081	0.985	27000.0
242	4.332	24.108	2.237	21.168	0.09	0.975	2000.0
243	3.217	17.951	1.614	14.729	0.088	0.987	2000.0
244	3.687	21.172	1.824	16.124	0.104	0.987	3000.0
245	3.529	19.793	1.791	15.86	0.077	0.986	2000.0
246	3.643	20.622	1.74	15.303	0.099	0.991	2000.0
247	3.275	18.126	1.583	14.658	0.09	0.986	2000.0
248	3.214	17.853	1.625	14.426	0.06	0.988	3000.0
249	3.256	18.371	1.501	13.613	0.085	0.989	4000.0
250	2.42	13.992	1.174	10.685	0.068	0.993	4000.0
251	3.473	19.649	1.843	16.757	0.065	0.984	2000.0
252	5.512	31.748	2.557	24.316	0.151	0.961	3000.0
253	4.333	24.784	2.062	20.73	0.096	0.978	4000.0
254	2.931	16.11	1.388	12.458	0.092	0.988	6000.0
255	2.93	16.316	1.516	12.788	0.076	0.991	10000.0
256	3.187	17.779	1.588	14.141	0.066	0.99	2000.0
257	3.638	20.1	1.718	15.724	0.075	0.986	5000.0
258	2.814	15.834	1.213	10.395	0.079	0.993	47000.0
259	4.078	22.86	1.959	18.299	0.097	0.982	3000.0
260	3.478	20.275	1.789	16.052	0.072	0.985	3000.0
261	3.081	17.274	1.616	14.129	0.069	0.991	8000.0
262	4.656	26.851	2.424	23.494	0.09	0.966	2000.0
263	4.611	26.04	2.355	21.572	0.115	0.975	3000.0
264	4.5	25.744	2.239	21.198	0.108	0.967	3000.0
265	2.981	16.843	1.522	13.105	0.052	0.989	5000.0
266	2.838	15.955	1.428	11.86	0.065	0.993	4000.0
267	4.103	23.092	1.914	17.518	0.122	0.984	5000.0
268	4.149	23.493	2.035	19.003	0.088	0.979	3000.0
269	4.141	23.079	2.041	18.496	0.116	0.982	2000.0
270	3.425	18.945	1.903	15.895	0.071	0.984	3000.0
271	2.851	15.768	1.402	12.797	0.072	0.99	6000.0
272	5.032	28.441	2.318	21.777	0.127	0.973	3000.0
273	3.891	21.456	2.063	18.59	0.074	0.975	4000.0
274	4.357	24.58	2.153	19.561	0.085	0.98	5000.0
275	4.559	26.459	2.368	22.967	0.105	0.965	2000.0
276	5.402	30.809	3.089	28.627	0.084	0.959	2000.0
277	3.722	20.397	1.858	18.17	0.088	0.975	4000.0
278	3.153	17.555	1.629	15.949	0.074	0.984	2000.0
279	3.611	20.005	1.612	14.494	0.081	0.99	3000.0
280	3.449	19.898	1.595	15.417	0.08	0.985	2000.0
281	4.115	22.977	2.057	18.483	0.111	0.98	3000.0
282	4.008	22.013	1.921	16.821	0.084	0.986	2000.0
283	5.036	28.428	2.458	23.024	0.107	0.967	2000.0
284	4.296	24.415	2.015	19.341	0.094	0.976	3000.0
285	2.403	13.114	1.26	11.802	0.071	0.987	51000.0
286	4.264	23.722	2.008	19.484	0.096	0.982	2000.0
287	3.563	19.897	1.849	16.131	0.096	0.987	3000.0
288	4.234	24.033	2.035	19.412	0.108	0.98	4000.0
289	4.12	23.084	1.824	17.161	0.078	0.985	3000.0
290	3.314	18.626	1.687	14.705	0.088	0.989	4000.0
291	3.592	19.992	1.84	15.027	0.075	0.988	2000.0
292	3.404	18.941	1.608	14.298	0.076	0.99	4000.0
293	4.943	27.977	2.4	23.655	0.112	0.968	5000.0
294	2.014	11.401	1.087	9.556	0.038	0.995	4000.0
295	2.471	14.176	1.247	11.445	0.049	0.993	3000.0
296	4.125	23.059	2.102	18.172	0.076	0.986	2000.0
297	4.294	23.88	2.046	18.972	0.111	0.982	3000.0
298	3.595	19.947	1.612	15.406	0.093	0.986	3000.0
299	3.54	20.113	1.811	16.713	0.092	0.981	4000.0
300	4.877	27.516	2.351	21.52	0.129	0.977	2000.0
301	3.587	19.995	1.593	14.484	0.097	0.988	2000.0
302	4.622	25.622	2.304	20.888	0.113	0.978	2000.0
303	4.079	23.044	2.01	17.89	0.104	0.98	2000.0
304	3.343	18.595	1.493	12.627	0.089	0.992	3000.0
305	3.663	20.664	1.746	16.144	0.084	0.983	3000.0
306	5.018	27.434	2.457	20.8	0.12	0.979	2000.0
307	4.007	22.875	2.001	18.477	0.103	0.982	3000.0
308	3.679	20.949	1.836	16.78	0.08	0.984	3000.0
309	3.029	16.927	1.561	14.028	0.09	0.988	2000.0
310	4.226	23.542	2.071	19.51	0.1	0.979	3000.0
311	3.657	20.417	1.754	16.116	0.085	0.986	2000.0
312	3.192	17.719	1.633	14.655	0.056	0.989	3000.0
313	2.202	12.12	1.11	10.221	0.045	0.994	3000.0
314	4.391	24.474	2.244	19.45	0.119	0.98	3000.0
315	4.0	22.836	1.908	18.323	0.108	0.98	4000.0
316	4.967	27.608	2.192	21.608	0.127	0.969	3000.0
317	5.744	32.243	2.716	24.5	0.143	0.971	2000.0
318	3.187	17.773	1.62	14.606	0.059	0.985	3000.0
319	4.697	26.269	2.188	20.189	0.119	0.979	3000.0
320	3.737	21.286	1.89	17.628	0.076	0.983	2000.0
321	4.221	23.738	2.06	19.167	0.105	0.981	2000.0
322	3.315	18.606	1.712	15.403	0.067	0.987	4000.0
323	3.57	19.81	1.806	16.743	0.091	0.983	4000.0
324	4.225	24.153	1.943	17.672	0.112	0.984	3000.0
325	3.837	22.189	1.829	17.112	0.097	0.983	3000.0
326	4.082	22.736	2.033	19.185	0.095	0.981	3000.0
327	4.931	28.097	2.512	23.58	0.097	0.968	2000.0
328	2.994	16.665	1.529	13.48	0.055	0.991	3000.0
329	4.127	23.08	2.246	20.908	0.056	0.973	4000.0
330	3.446	19.248	1.602	14.584	0.081	0.987	2000.0
331	4.408	24.836	2.214	20.766	0.101	0.981	2000.0
332	4.264	24.291	2.11	18.838	0.097	0.985	2000.0
333	4.779	27.314	2.297	21.362	0.118	0.974	4000.0
334	4.808	27.173	2.358	21.948	0.13	0.971	4000.0
335	3.639	20.939	1.792	15.771	0.088	0.986	10000.0
336	3.994	22.571	1.972	18.56	0.079	0.982	3000.0
337	5.387	29.933	2.484	23.932	0.121	0.963	5000.0
338	4.806	27.097	2.231	21.249	0.125	0.972	5000.0
339	4.671	26.174	2.251	21.594	0.12	0.973	2000.0
340	3.33	18.775	1.651	14.916	0.081	0.991	2000.0
341	3.645	21.079	1.823	17.107	0.082	0.983	2000.0
342	5.019	28.122	2.579	24.028	0.109	0.968	2000.0
343	4.097	22.693	1.923	17.951	0.075	0.981	3000.0
344	3.634	20.32	1.694	15.037	0.098	0.988	3000.0
345	4.909	27.46	2.389	21.251	0.107	0.978	5000.0
346	3.96	22.527	2.154	19.452	0.082	0.979	3000.0
347	2.99	16.844	1.614	14.074	0.069	0.988	4000.0
348	3.497	19.615	1.666	15.208	0.091	0.989	9000.0
349	4.611	25.824	2.217	20.014	0.121	0.974	2000.0
350	3.663	21.216	1.724	15.301	0.093	0.986	4000.0
351	4.209	23.81	1.942	17.747	0.106	0.983	3000.0
352	4.948	28.003	2.35	22.894	0.11	0.975	2000.0
353	2.709	14.992	1.288	11.505	0.072	0.991	6000.0
354	2.797	15.48	1.338	12.273	0.061	0.991	4000.0
355	3.474	19.546	1.77	14.656	0.072	0.992	2000.0
356	2.439	13.659	1.29	11.988	0.046	0.993	3000.0
357	5.596	30.839	2.744	25.601	0.116	0.962	3000.0
358	4.669	26.304	2.25	21.378	0.122	0.976	2000.0
359	4.468	25.38	2.18	20.397	0.127	0.977	2000.0
360	4.419	24.992	2.122	18.814	0.108	0.981	2000.0
361	3.556	20.046	1.752	15.615	0.086	0.988	2000.0
362	2.799	15.672	1.286	12.268	0.072	0.989	3000.0
363	3.694	20.735	1.76	16.96	0.101	0.982	6000.0
364	3.582	19.907	1.667	14.333	0.096	0.988	2000.0
365	3.851	21.724	1.834	17.421	0.066	0.981	2000.0
366	3.853	21.879	1.964	17.638	0.108	0.981	2000.0
367	5.1	28.935	2.343	21.951	0.139	0.974	2000.0
368	3.245	18.635	1.591	14.183	0.067	0.989	2000.0
369	3.909	21.992	1.949	17.367	0.098	0.983	3000.0
370	4.098	23.322	1.955	17.412	0.104	0.985	3000.0
371	3.923	22.351	1.874	17.054	0.09	0.985	3000.0
372	3.507	20.294	1.818	15.682	0.075	0.988	4000.0
373	4.394	24.714	2.25	21.769	0.093	0.975	3000.0
374	3.369	18.832	1.673	14.969	0.086	0.986	10000.0
375	4.396	24.452	2.026	18.631	0.113	0.982	2000.0
376	2.689	15.518	1.308	12.548	0.07	0.99	2000.0
377	4.577	25.583	2.224	20.933	0.104	0.975	2000.0
378	6.534	36.679	3.171	28.585	0.171	0.952	3000.0
379	4.527	25.385	2.183	20.1	0.083	0.979	2000.0
380	3.64	20.139	1.822	16.703	0.076	0.983	2000.0
381	4.623	26.041	2.212	19.337	0.136	0.983	4000.0
382	5.281	30.388	2.587	24.108	0.118	0.972	4000.0
383	2.558	14.446	1.2	10.303	0.055	0.994	3000.0
384	4.673	25.965	2.124	19.865	0.117	0.982	3000.0
385	3.644	19.956	1.692	15.696	0.078	0.984	3000.0
386	4.504	25.151	2.214	19.744	0.098	0.98	3000.0
387	3.961	22.192	1.904	17.884	0.115	0.98	4000.0
388	5.054	29.067	2.48	23.301	0.13	0.965	3000.0
389	2.534	13.722	1.233	11.31	0.07	0.991	2000.0
390	1.742	9.709	0.958	8.015	0.039	0.996	2000.0
391	4.129	22.936	2.061	18.887	0.107	0.982	3000.0
392	3.541	19.82	1.753	16.301	0.085	0.985	3000.0
393	3.971	22.395	1.79	16.444	0.105	0.985	5000.0
394	4.383	24.935	2.247	19.199	0.098	0.981	4000.0
395	2.937	16.541	1.483	13.926	0.064	0.988	2000.0
396	4.449	25.299	2.321	20.891	0.103	0.975	4000.0
397	3.401	19.356	1.565	14.029	0.089	0.991	5000.0
398	2.735	15.366	1.527	13.346	0.06	0.987	6000.0
399	3.64	20.744	1.861	17.465	0.117	0.98	2000.0
400	3.222	18.077	1.715	14.909	0.057	0.985	3000.0
401	3.893	21.808	1.943	17.378	0.085	0.986	2000.0
402	3.388	19.43	1.734	16.171	0.057	0.984	3000.0
403	4.473	25.494	2.269	21.137	0.128	0.966	3000.0
404	3.059	17.311	1.584	13.579	0.076	0.991	2000.0
405	2.856	15.974	1.365	12.581	0.076	0.99	13000.0
406	4.765	26.786	2.309	22.26	0.123	0.972	3000.0
407	3.885	21.478	1.869	18.098	0.084	0.983	3000.0
408	3.589	20.573	1.815	16.943	0.097	0.984	4000.0
409	5.425	30.91	2.958	26.97	0.115	0.953	4000.0
410	2.889	15.939	1.329	11.782	0.075	0.991	3000.0
411	3.658	20.692	1.723	15.844	0.113	0.984	2000.0
412	3.512	19.655	1.64	15.334	0.081	0.987	5000.0
413	4.364	24.642	2.197	19.827	0.09	0.981	3000.0
414	5.197	30.099	2.485	22.992	0.134	0.975	2000.0
415	1.952	10.844	1.037	8.746	0.044	0.994	2000.0
416	3.943	22.246	2.043	18.03	0.087	0.981	8000.0
417	4.335	24.767	2.24	20.79	0.118	0.972	2000.0
418	4.129	23.011	2.006	19.039	0.103	0.977	3000.0
419	4.648	26.031	2.352	20.737	0.114	0.978	3000.0
420	4.106	22.95	2.102	18.94	0.079	0.981	2000.0
421	4.658	26.731	2.331	22.488	0.102	0.976	3000.0
422	4.688	26.313	2.099	19.746	0.133	0.976	2000.0
423	3.083	17.535	1.493	13.476	0.08	0.989	9000.0
424	3.88	21.845	1.923	17.229	0.095	0.986	2000.0
425	4.963	27.952	2.183	20.641	0.128	0.974	2000.0
426	4.529	24.724	2.104	19.559	0.1	0.982	3000.0
427	2.977	17.034	1.454	12.401	0.072	0.992	3000.0
428	4.194	23.234	1.922	16.105	0.113	0.987	3000.0
429	3.295	18.218	1.476	14.599	0.078	0.988	2000.0
430	3.528	20.746	1.792	16.802	0.075	0.98	21000.0
431	3.888	22.151	1.984	18.083	0.08	0.982	5000.0
432	2.783	15.471	1.278	11.426	0.075	0.992	5000.0
433	2.921	16.361	1.417	12.908	0.076	0.989	3000.0
434	3.856	21.579	1.856	16.653	0.088	0.986	3000.0
435	3.612	20.565	1.786	16.06	0.08	0.986	3000.0
436	2.738	15.157	1.326	12.193	0.06	0.992	5000.0
437	3.926	22.554	2.0	18.698	0.065	0.977	10000.0
438	5.276	29.98	2.732	25.284	0.143	0.962	3000.0
439	4.171	23.553	1.957	18.044	0.093	0.982	2000.0
440	3.732	21.092	1.7	16.139	0.091	0.984	3000.0
441	3.486	19.515	1.647	13.535	0.093	0.991	3000.0
442	3.328	19.202	1.818	15.572	0.077	0.987	3000.0
443	3.414	19.165	1.702	14.349	0.076	0.988	2000.0
444	4.564	25.693	2.23	20.682	0.099	0.975	5000.0
445	3.606	20.45	1.764	15.129	0.078	0.989	5000.0
446	3.882	21.956	1.848	17.626	0.091	0.982	3000.0
447	4.223	23.224	2.048	18.807	0.113	0.979	2000.0
448	4.12	22.888	1.902	17.229	0.089	0.982	2000.0
449	4.641	26.419	2.377	21.256	0.119	0.975	4000.0
450	3.647	20.351	1.733	15.853	0.084	0.988	4000.0
451	4.891	27.346	2.462	21.838	0.105	0.973	2000.0
452	4.286	24.074	1.962	17.886	0.125	0.981	9000.0
453	3.362	18.906	1.56	14.899	0.067	0.987	4000.0
454	4.518	25.417	2.138	19.334	0.108	0.982	5000.0
455	4.966	27.473	2.509	22.933	0.104	0.966	3000.0
456	3.809	21.844	1.855	16.961	0.098	0.984	3000.0
457	4.415	24.773	2.323	21.687	0.092	0.971	2000.0
458	5.408	30.295	2.552	23.961	0.132	0.97	3000.0
459	3.78	21.05	1.648	15.881	0.107	0.983	2000.0
460	3.342	18.879	1.565	14.637	0.07	0.988	3000.0
461	4.268	23.091	1.883	17.1	0.127	0.979	3000.0
462	3.545	20.239	1.76	15.468	0.082	0.986	2000.0
463	3.241	18.486	1.625	14.285	0.057	0.986	2000.0
464	4.702	26.43	2.355	21.977	0.098	0.973	3000.0
465	3.872	21.215	2.022	18.423	0.09	0.976	2000.0
466	3.409	18.781	1.682	15.316	0.072	0.987	4000.0
467	3.665	20.41	1.821	15.451	0.078	0.987	4000.0
468	4.713	26.938	2.22	20.538	0.125	0.973	5000.0
469	3.509	20.02	1.772	16.753	0.084	0.983	3000.0
470	3.229	17.899	1.536	13.358	0.077	0.992	4000.0
471	3.864	22.033	1.975	17.219	0.088	0.985	3000.0
472	4.119	23.223	1.958	19.156	0.113	0.973	2000.0
473	3.142	17.418	1.363	12.67	0.088	0.991	2000.0
474	4.015	22.826	1.907	16.358	0.111	0.987	3000.0
475	2.704	14.885	1.566	14.352	0.07	0.985	10000.0
476	3.997	22.924	1.878	17.447	0.094	0.985	3000.0
477	4.026	22.49	1.976	18.443	0.078	0.979	4000.0
478	4.019	23.05	2.097	19.297	0.086	0.977	3000.0
479	2.839	15.957	1.431	12.445	0.067	0.992	3000.0
480	4.99	27.979	2.463	22.81	0.125	0.973	3000.0
481	4.273	23.504	1.847	17.803	0.116	0.98	2000.0
482	4.74	26.716	2.345	21.613	0.129	0.974	2000.0
483	4.339	24.079	1.998	18.698	0.103	0.98	5000.0
484	3.945	21.969	1.972	19.277	0.083	0.978	2000.0
485	4.143	22.78	1.894	18.269	0.109	0.981	2000.0
486	2.896	16.507	1.459	13.616	0.074	0.987	2000.0
487	4.294	24.058	1.807	17.454	0.11	0.984	3000.0
488	3.628	20.536	1.743	15.714	0.091	0.988	3000.0
489	5.085	28.726	2.681	25.133	0.115	0.967	2000.0
490	4.736	27.215	2.417	22.402	0.112	0.967	2000.0
491	4.375	24.143	2.039	18.182	0.107	0.982	3000.0
492	2.343	13.161	1.21	10.293	0.058	0.994	7000.0
493	3.55	19.75	1.81	16.84	0.057	0.985	2000.0
494	3.604	20.11	1.994	17.0	0.095	0.986	3000.0
495	3.6	20.164	1.966	16.935	0.088	0.984	3000.0
496	4.524	26.098	2.184	21.975	0.113	0.973	3000.0
497	5.19	29.771	2.443	23.825	0.119	0.964	3000.0
498	5.016	28.258	2.638	25.256	0.1	0.965	2000.0
499	4.066	22.854	2.003	18.385	0.085	0.981	3000.0
500	4.08	22.454	1.881	17.246	0.114	0.981	4000.0
