NMF_Replicate	L1	L1 %	L2	L2 %	KL Divergence	Correlation	Convergence Iterations
1	0.178	0.868	0.113	1.005	0.003	1.0	2000.0
2	0.647	3.685	0.372	3.312	0.016	0.999	2000.0
3	0.919	5.095	0.65	5.592	0.018	0.998	2000.0
4	0.733	4.042	0.445	4.269	0.015	0.998	8000.0
5	0.133	0.764	0.094	0.896	0.003	1.0	4000.0
6	0.626	3.499	0.358	3.11	0.008	0.999	11000.0
7	1.46	8.502	0.725	6.722	0.028	0.996	3000.0
8	0.384	2.06	0.257	2.475	0.008	0.999	3000.0
9	0.612	3.402	0.363	3.118	0.013	0.999	2000.0
10	0.567	3.412	0.401	3.782	0.014	0.999	4000.0
11	0.641	3.433	0.453	3.85	0.008	0.997	3000.0
12	0.542	2.928	0.306	2.719	0.006	1.0	9000.0
13	0.941	5.265	0.608	5.047	0.004	0.997	11000.0
14	0.953	5.584	0.575	5.075	0.01	0.999	6000.0
15	0.512	2.811	0.302	2.45	0.004	0.999	3000.0
16	0.593	3.34	0.377	3.513	0.016	0.999	2000.0
17	0.16	0.924	0.113	1.027	0.004	1.0	4000.0
18	1.022	5.689	0.572	5.824	0.019	0.997	4000.0
19	0.0	0.001	0.0	0.0	0.0	1.0	4000.0
20	0.467	2.837	0.301	2.71	0.017	0.999	4000.0
21	0.502	2.649	0.321	3.077	0.01	0.998	5000.0
22	0.393	2.152	0.275	2.488	0.006	0.999	5000.0
23	0.919	5.301	0.474	4.077	0.011	0.998	18000.0
24	1.452	8.013	0.758	7.269	0.012	0.997	3000.0
25	1.628	9.13	0.934	8.308	0.011	0.995	6000.0
26	0.96	5.198	0.568	5.422	0.015	0.997	30000.0
27	1.442	8.198	0.756	7.136	0.02	0.996	3000.0
28	0.333	1.98	0.236	2.302	0.008	0.999	3000.0
29	0.635	3.582	0.327	2.661	0.009	0.999	3000.0
30	0.604	3.37	0.345	3.226	0.007	0.999	3000.0
31	0.723	4.228	0.425	3.743	0.009	0.998	20000.0
32	0.399	2.235	0.249	2.334	0.007	0.999	4000.0
33	0.441	2.488	0.291	2.697	0.013	0.999	2000.0
34	0.637	3.658	0.363	3.254	0.008	0.999	2000.0
35	1.166	6.426	0.637	5.885	0.013	0.998	11000.0
36	0.815	4.56	0.401	3.767	0.008	0.999	5000.0
37	0.933	5.342	0.508	4.493	0.017	0.998	4000.0
38	0.612	3.435	0.368	3.19	0.003	0.999	20000.0
39	1.018	6.002	0.583	5.914	0.02	0.997	12000.0
40	0.651	3.833	0.405	3.815	0.01	0.999	3000.0
41	0.64	3.519	0.397	3.592	0.017	0.999	5000.0
42	0.515	2.81	0.261	2.36	0.002	1.0	4000.0
43	0.651	3.49	0.4	3.391	0.018	0.999	8000.0
44	1.209	6.926	0.663	6.291	0.007	0.997	3000.0
45	0.875	5.0	0.54	5.008	0.013	0.998	3000.0
46	1.261	7.405	0.663	6.329	0.015	0.997	12000.0
47	0.771	4.376	0.392	3.78	0.01	0.999	5000.0
48	0.114	0.622	0.07	0.654	0.002	1.0	2000.0
49	0.2	1.117	0.141	1.534	0.004	1.0	6000.0
50	0.628	3.523	0.377	3.329	0.019	0.999	3000.0
51	0.543	3.168	0.367	3.456	0.004	0.999	3000.0
52	0.545	2.876	0.302	2.64	0.004	0.999	7000.0
53	1.304	7.2	0.731	6.362	0.018	0.997	40000.0
54	0.16	0.87	0.113	1.029	0.003	1.0	3000.0
55	0.55	3.123	0.287	2.627	0.005	1.0	5000.0
56	0.767	3.874	0.484	4.043	0.017	0.997	5000.0
57	0.561	3.023	0.345	2.975	0.012	0.999	3000.0
58	0.601	3.251	0.33	2.989	0.008	0.999	9000.0
59	0.534	3.018	0.309	3.3	0.012	0.998	9000.0
60	0.969	5.446	0.582	5.181	0.009	0.998	5000.0
61	0.993	5.703	0.663	6.833	0.019	0.995	29000.0
62	0.891	4.786	0.46	4.473	0.011	0.998	4000.0
63	0.633	3.431	0.343	3.104	0.005	0.999	6000.0
64	0.58	3.231	0.41	3.543	0.013	0.998	2000.0
65	0.0	0.001	0.0	0.0	0.0	1.0	3000.0
66	0.724	4.221	0.457	4.431	0.016	0.998	34000.0
67	0.114	0.558	0.07	0.604	0.0	1.0	6000.0
68	0.603	3.102	0.336	2.702	0.007	0.999	8000.0
69	0.415	2.234	0.273	2.761	0.009	0.999	3000.0
70	0.0	0.0	0.0	0.0	0.0	1.0	2000.0
71	0.343	1.859	0.21	1.885	0.008	0.999	4000.0
72	0.494	2.76	0.349	3.04	0.011	0.999	24000.0
73	0.774	4.345	0.449	4.105	0.011	0.999	5000.0
74	1.235	7.005	0.659	6.28	0.017	0.997	11000.0
75	1.071	6.036	0.604	5.45	0.019	0.997	4000.0
76	0.367	1.922	0.25	2.107	0.015	0.999	2000.0
77	0.132	0.722	0.093	0.828	0.002	1.0	4000.0
78	0.649	3.633	0.374	3.392	0.002	0.999	2000.0
79	0.841	4.544	0.549	4.921	0.019	0.998	10000.0
80	0.35	1.948	0.225	2.018	0.01	0.999	2000.0
81	1.312	7.461	0.682	6.682	0.016	0.997	2000.0
82	0.267	1.414	0.188	1.671	0.006	1.0	3000.0
83	0.293	1.551	0.207	1.8	0.006	1.0	2000.0
84	1.384	7.951	0.704	6.854	0.02	0.996	6000.0
85	0.4	2.156	0.283	2.706	0.009	0.999	24000.0
86	0.79	4.514	0.457	3.841	0.006	0.999	4000.0
87	0.435	2.305	0.24	2.282	0.006	0.999	16000.0
88	1.086	5.942	0.576	5.226	0.017	0.998	5000.0
89	1.126	6.408	0.565	5.084	0.012	0.998	4000.0
90	0.19	1.114	0.115	1.045	0.002	1.0	17000.0
91	0.696	3.913	0.377	3.198	0.006	0.999	51000.0
92	0.4	2.306	0.283	2.793	0.01	0.998	4000.0
93	0.267	1.409	0.189	1.912	0.005	0.999	32000.0
94	0.831	4.463	0.478	4.326	0.007	0.999	3000.0
95	0.499	2.789	0.304	2.919	0.009	0.999	12000.0
96	0.64	3.635	0.372	3.804	0.006	0.998	6000.0
97	0.587	3.282	0.324	2.986	0.009	0.999	4000.0
98	0.723	3.82	0.407	3.561	0.016	0.998	6000.0
99	0.664	3.662	0.414	3.908	0.01	0.998	21000.0
100	1.22	6.8	0.719	6.788	0.017	0.996	3000.0
101	1.079	6.254	0.607	5.442	0.016	0.998	7000.0
102	1.095	6.256	0.626	5.757	0.019	0.997	6000.0
103	0.214	1.185	0.141	1.213	0.004	1.0	2000.0
104	0.87	4.851	0.46	4.517	0.012	0.998	2000.0
105	0.133	0.809	0.094	0.931	0.003	1.0	55000.0
106	0.293	1.586	0.169	1.514	0.004	1.0	48000.0
107	1.019	5.826	0.596	5.244	0.009	0.998	5000.0
108	0.722	3.977	0.484	4.857	0.016	0.997	26000.0
109	0.816	4.437	0.527	5.178	0.011	0.997	3000.0
110	0.667	3.523	0.446	4.108	0.015	0.998	7000.0
111	0.712	3.841	0.458	4.113	0.014	0.998	3000.0
112	0.771	4.093	0.461	3.733	0.025	0.998	3000.0
113	0.849	4.905	0.517	5.142	0.024	0.996	35000.0
114	0.806	4.554	0.434	4.592	0.014	0.996	3000.0
115	1.161	6.706	0.625	5.466	0.01	0.998	11000.0
116	0.567	3.27	0.4	3.56	0.013	0.999	3000.0
117	0.6	3.397	0.377	3.338	0.014	0.999	2000.0
118	0.928	5.057	0.612	5.678	0.033	0.994	3000.0
119	0.1	0.528	0.071	0.594	0.002	1.0	3000.0
120	0.457	2.644	0.281	3.083	0.01	0.998	84000.0
121	1.122	6.097	0.524	4.796	0.015	0.998	3000.0
122	0.813	4.694	0.461	4.855	0.014	0.995	3000.0
123	1.442	8.131	0.848	7.845	0.022	0.995	26000.0
124	0.24	1.412	0.159	1.394	0.0	1.0	6000.0
125	0.368	2.021	0.226	1.938	0.006	1.0	55000.0
126	1.075	5.715	0.556	5.203	0.01	0.997	47000.0
127	0.617	3.548	0.422	4.179	0.012	0.998	4000.0
128	0.2	0.977	0.122	0.927	0.004	1.0	3000.0
129	0.543	2.835	0.367	3.264	0.012	0.999	5000.0
130	0.526	3.06	0.292	2.64	0.008	0.999	3000.0
131	0.435	2.496	0.252	2.333	0.004	1.0	4000.0
132	0.882	5.098	0.462	4.037	0.014	0.999	5000.0
133	0.102	0.588	0.065	0.62	0.0	1.0	10000.0
134	0.503	2.858	0.35	3.526	0.012	0.999	3000.0
135	0.495	2.908	0.294	2.722	0.012	0.999	4000.0
136	0.965	5.634	0.519	5.039	0.015	0.997	5000.0
137	0.46	2.57	0.3	2.487	0.007	0.999	3000.0
138	0.832	5.009	0.503	4.585	0.007	0.998	4000.0
139	0.701	3.884	0.439	3.663	0.014	0.999	4000.0
140	0.587	3.218	0.371	3.323	0.014	0.999	6000.0
141	1.18	6.315	0.723	6.908	0.028	0.996	3000.0
142	1.081	6.146	0.613	5.816	0.017	0.998	4000.0
143	0.384	2.052	0.272	2.338	0.005	0.999	61000.0
144	0.682	3.834	0.372	3.444	0.009	0.999	4000.0
145	1.057	5.803	0.495	4.618	0.013	0.999	23000.0
146	0.596	3.384	0.412	3.638	0.012	0.998	12000.0
147	0.447	2.551	0.288	2.686	0.009	0.999	2000.0
148	0.372	2.107	0.248	2.12	0.008	1.0	34000.0
149	0.747	4.237	0.435	4.282	0.017	0.998	28000.0
150	1.372	7.743	0.71	6.337	0.015	0.997	4000.0
151	1.119	6.101	0.603	5.403	0.021	0.998	32000.0
152	0.866	4.96	0.517	4.837	0.012	0.998	9000.0
153	0.222	1.109	0.157	1.396	0.005	1.0	8000.0
154	0.734	4.191	0.376	3.468	0.006	0.999	37000.0
155	0.386	2.158	0.251	2.39	0.01	0.999	3000.0
156	0.355	2.032	0.23	2.106	0.005	1.0	3000.0
157	0.842	4.554	0.438	3.97	0.01	0.998	17000.0
158	0.515	2.838	0.346	3.086	0.01	0.999	5000.0
159	0.816	4.559	0.415	4.096	0.007	0.998	3000.0
160	0.28	1.508	0.18	1.588	0.006	1.0	4000.0
161	1.352	7.718	0.693	7.026	0.014	0.995	3000.0
162	0.739	4.031	0.433	3.863	0.01	0.998	3000.0
163	0.457	2.667	0.28	2.62	0.014	0.998	15000.0
164	0.913	5.144	0.494	4.046	0.021	0.999	4000.0
165	0.404	2.215	0.24	2.141	0.005	1.0	5000.0
166	0.435	2.408	0.307	2.669	0.01	0.999	6000.0
167	1.001	5.987	0.554	5.302	0.011	0.998	5000.0
168	0.0	0.0	0.0	0.0	0.0	1.0	3000.0
169	0.627	3.733	0.372	3.346	0.01	0.999	12000.0
170	1.0	5.593	0.543	4.981	0.019	0.998	3000.0
171	0.439	2.484	0.284	2.735	0.009	0.999	70000.0
172	1.375	7.861	0.724	7.02	0.022	0.996	5000.0
173	1.355	7.62	0.718	6.777	0.009	0.996	9000.0
174	1.022	5.577	0.514	4.807	0.016	0.998	4000.0
175	0.28	1.513	0.198	1.763	0.006	1.0	3000.0
176	1.051	6.096	0.595	5.695	0.016	0.996	4000.0
177	1.168	6.306	0.625	5.719	0.026	0.997	6000.0
178	0.638	3.491	0.37	3.304	0.007	0.999	6000.0
179	0.3	1.707	0.194	1.587	0.011	1.0	4000.0
180	0.96	5.118	0.545	5.223	0.011	0.997	5000.0
181	1.24	7.048	0.712	6.68	0.019	0.996	24000.0
182	0.226	1.301	0.144	1.302	0.003	1.0	8000.0
183	1.129	6.551	0.638	5.778	0.016	0.998	4000.0
184	0.954	5.526	0.51	5.02	0.009	0.998	5000.0
185	0.597	3.332	0.37	3.445	0.013	0.999	4000.0
186	0.531	3.101	0.312	3.185	0.013	0.999	4000.0
187	0.832	4.631	0.454	4.139	0.01	0.999	5000.0
188	0.753	4.213	0.406	3.772	0.012	0.999	30000.0
189	0.57	3.286	0.336	2.946	0.013	0.999	5000.0
190	0.362	1.987	0.256	2.251	0.008	0.999	2000.0
191	0.941	5.491	0.576	5.327	0.014	0.998	3000.0
192	0.659	3.582	0.393	3.849	0.013	0.998	5000.0
193	1.475	8.708	0.815	7.278	0.03	0.997	87000.0
194	0.4	2.217	0.25	2.242	0.01	0.999	6000.0
195	0.655	3.779	0.391	3.786	0.02	0.999	4000.0
196	0.769	4.356	0.482	4.564	0.016	0.998	6000.0
197	0.4	2.302	0.283	2.499	0.016	0.999	3000.0
198	0.887	4.99	0.554	5.234	0.025	0.998	9000.0
199	0.556	3.143	0.382	3.56	0.012	0.999	7000.0
200	0.84	4.749	0.524	4.963	0.027	0.996	8000.0
201	1.126	6.198	0.652	6.275	0.01	0.997	5000.0
202	0.629	3.532	0.391	3.68	0.005	0.999	5000.0
203	0.927	5.123	0.553	4.624	0.02	0.998	8000.0
204	0.496	2.776	0.25	2.226	0.003	1.0	9000.0
205	0.829	4.438	0.476	4.074	0.006	0.998	2000.0
206	0.48	2.685	0.339	2.91	0.014	0.999	6000.0
207	0.517	2.878	0.317	2.549	0.002	1.0	6000.0
208	0.6	3.47	0.374	3.41	0.018	0.997	5000.0
209	0.767	4.457	0.42	3.856	0.008	0.999	46000.0
210	0.429	2.437	0.272	2.58	0.007	0.999	3000.0
211	0.362	2.079	0.245	2.224	0.003	0.999	7000.0
212	0.76	4.432	0.43	3.569	0.011	0.999	2000.0
213	0.24	1.356	0.144	1.457	0.005	1.0	2000.0
214	0.555	3.092	0.32	2.811	0.007	0.999	11000.0
215	0.643	3.545	0.388	3.395	0.009	0.999	15000.0
216	0.637	3.88	0.399	4.129	0.007	0.998	7000.0
217	0.344	1.892	0.199	1.954	0.005	1.0	3000.0
218	0.629	3.41	0.368	3.084	0.013	0.999	4000.0
219	0.276	1.576	0.191	1.737	0.006	0.999	35000.0
220	0.56	3.196	0.343	2.993	0.014	0.999	3000.0
221	0.963	5.66	0.538	4.785	0.014	0.998	2000.0
222	0.482	2.539	0.289	2.762	0.013	0.998	8000.0
223	0.0	0.0	0.0	0.0	0.0	1.0	4000.0
224	1.136	6.523	0.635	5.562	0.016	0.997	3000.0
225	0.188	1.126	0.119	0.915	0.001	1.0	3000.0
226	1.001	5.545	0.563	5.288	0.014	0.998	4000.0
227	0.267	1.512	0.188	1.694	0.007	0.999	9000.0
228	0.2	1.144	0.141	1.393	0.005	1.0	3000.0
229	0.689	3.98	0.414	3.708	0.014	0.999	70000.0
230	0.338	1.88	0.217	1.994	0.007	1.0	3000.0
231	0.445	2.516	0.314	2.972	0.011	0.999	7000.0
232	0.5	2.777	0.325	2.921	0.011	0.999	31000.0
233	1.237	7.25	0.766	6.809	0.036	0.996	40000.0
234	0.134	0.763	0.094	0.877	0.003	1.0	3000.0
235	0.621	3.419	0.388	3.574	0.015	0.999	3000.0
236	0.947	5.087	0.569	5.496	0.022	0.996	3000.0
237	0.738	4.133	0.41	3.488	0.009	0.999	3000.0
238	0.627	3.397	0.372	3.605	0.016	0.998	22000.0
239	0.592	3.248	0.359	3.588	0.016	0.999	3000.0
240	1.286	7.153	0.667	5.968	0.011	0.998	10000.0
241	0.718	4.167	0.395	3.652	0.008	0.999	8000.0
242	1.49	8.143	0.783	6.914	0.012	0.997	5000.0
243	0.688	3.773	0.381	3.58	0.008	0.999	5000.0
244	0.482	2.936	0.322	2.384	0.008	1.0	4000.0
245	0.962	5.297	0.63	5.417	0.026	0.996	4000.0
246	0.781	4.648	0.552	5.195	0.032	0.997	4000.0
247	0.52	2.886	0.328	3.512	0.015	0.997	25000.0
248	0.763	4.217	0.424	3.689	0.008	0.999	8000.0
249	0.657	3.801	0.434	3.959	0.022	0.998	2000.0
250	0.457	2.643	0.269	2.649	0.01	0.999	33000.0
251	0.767	4.197	0.46	4.057	0.009	0.998	3000.0
252	1.057	6.044	0.562	4.88	0.015	0.998	4000.0
253	1.362	7.451	0.789	7.796	0.021	0.996	28000.0
254	0.446	2.373	0.251	2.144	0.005	1.0	11000.0
255	0.633	3.597	0.424	3.833	0.019	0.998	2000.0
256	0.246	1.436	0.166	1.575	0.001	1.0	10000.0
257	0.6	3.166	0.316	3.257	0.014	0.997	3000.0
258	0.872	4.752	0.492	4.102	0.008	0.998	4000.0
259	0.582	3.069	0.332	3.102	0.006	0.999	9000.0
260	0.332	1.77	0.18	1.65	0.003	1.0	4000.0
261	0.317	1.923	0.193	1.615	0.003	1.0	3000.0
262	1.2	6.967	0.618	5.82	0.01	0.998	3000.0
263	1.228	6.985	0.664	6.677	0.021	0.995	53000.0
264	0.633	3.576	0.341	3.201	0.009	0.999	9000.0
265	0.225	1.236	0.136	1.18	0.003	1.0	3000.0
266	0.486	2.685	0.324	2.71	0.013	0.999	6000.0
267	0.992	5.785	0.544	4.776	0.014	0.998	5000.0
268	0.936	5.12	0.521	4.705	0.007	0.999	3000.0
269	1.569	8.708	0.866	7.87	0.018	0.995	4000.0
270	1.0	5.567	0.618	6.152	0.02	0.996	5000.0
271	0.509	2.862	0.332	3.024	0.009	0.999	4000.0
272	0.996	5.751	0.622	5.735	0.015	0.997	73000.0
273	0.44	2.478	0.311	2.814	0.011	0.999	4000.0
274	0.857	4.644	0.536	4.861	0.022	0.997	2000.0
275	0.438	2.384	0.31	2.919	0.013	0.999	4000.0
276	0.156	0.92	0.11	1.062	0.001	1.0	4000.0
277	0.591	3.451	0.307	2.932	0.008	0.999	9000.0
278	0.342	2.037	0.242	2.412	0.007	0.999	50000.0
279	1.056	5.971	0.546	4.861	0.019	0.998	6000.0
280	0.705	4.05	0.404	3.999	0.013	0.998	2000.0
281	0.962	5.459	0.65	5.637	0.03	0.996	12000.0
282	0.429	2.46	0.287	2.694	0.01	0.999	3000.0
283	0.715	3.875	0.429	4.289	0.012	0.998	4000.0
284	0.394	2.25	0.249	1.85	0.006	1.0	4000.0
285	0.134	0.751	0.094	0.769	0.003	1.0	4000.0
286	0.864	4.926	0.502	5.051	0.025	0.998	6000.0
287	0.815	4.788	0.544	4.987	0.004	0.998	39000.0
288	0.837	4.756	0.579	5.412	0.018	0.997	4000.0
289	0.611	3.492	0.336	3.151	0.005	1.0	6000.0
290	1.074	6.113	0.532	4.74	0.016	0.998	6000.0
291	0.785	4.645	0.457	4.258	0.008	0.998	4000.0
292	0.509	2.839	0.326	2.778	0.012	0.999	5000.0
293	1.265	6.896	0.834	8.053	0.02	0.995	20000.0
294	0.336	1.938	0.184	1.695	0.0	1.0	4000.0
295	0.532	2.856	0.312	3.052	0.011	0.999	3000.0
296	0.2	1.156	0.141	1.452	0.005	1.0	3000.0
297	1.301	7.17	0.763	7.011	0.015	0.996	3000.0
298	1.366	7.503	0.732	6.98	0.016	0.996	5000.0
299	0.629	3.489	0.359	3.381	0.014	0.998	15000.0
300	1.487	8.282	0.794	7.275	0.019	0.996	7000.0
301	0.534	3.075	0.377	3.611	0.016	0.999	3000.0
302	0.547	3.057	0.384	3.628	0.013	0.999	4000.0
303	0.415	2.274	0.259	2.271	0.008	1.0	5000.0
304	0.494	2.641	0.326	2.701	0.014	0.999	17000.0
305	0.267	1.549	0.176	1.688	0.006	1.0	2000.0
306	1.126	6.14	0.61	5.502	0.02	0.997	5000.0
307	0.2	1.255	0.141	1.212	0.009	1.0	2000.0
308	0.517	2.973	0.365	3.257	0.016	0.999	8000.0
309	0.486	2.824	0.317	3.026	0.01	0.999	3000.0
310	0.979	5.292	0.624	5.83	0.02	0.996	20000.0
311	0.34	1.933	0.22	2.191	0.01	0.999	5000.0
312	0.18	1.061	0.126	1.279	0.004	1.0	78000.0
313	0.306	1.767	0.202	1.904	0.006	1.0	2000.0
314	0.48	2.828	0.323	2.842	0.006	0.999	4000.0
315	1.116	6.326	0.623	5.725	0.013	0.998	5000.0
316	0.964	5.582	0.53	4.931	0.024	0.998	5000.0
317	1.534	8.556	0.793	7.549	0.019	0.996	5000.0
318	0.317	1.773	0.203	1.782	0.006	1.0	4000.0
319	1.402	8.224	0.801	7.552	0.018	0.995	9000.0
320	1.041	5.87	0.6	5.875	0.017	0.997	9000.0
321	1.185	6.721	0.723	6.966	0.028	0.996	26000.0
322	1.073	6.426	0.675	6.069	0.004	0.997	3000.0
323	1.138	6.472	0.744	6.596	0.01	0.997	3000.0
324	1.014	5.728	0.567	5.081	0.017	0.998	5000.0
325	0.726	4.147	0.413	3.973	0.011	0.999	12000.0
326	1.204	6.566	0.776	7.801	0.026	0.994	44000.0
327	0.422	2.224	0.274	2.631	0.012	0.999	3000.0
328	1.145	6.422	0.604	5.523	0.01	0.998	5000.0
329	0.275	1.572	0.175	1.78	0.006	0.999	10000.0
330	0.437	2.493	0.267	2.492	0.008	1.0	14000.0
331	0.374	1.944	0.264	2.633	0.009	0.999	4000.0
332	0.98	5.291	0.494	4.524	0.022	0.998	5000.0
333	0.952	5.634	0.52	4.7	0.009	0.999	3000.0
334	0.852	4.908	0.451	4.297	0.008	0.999	3000.0
335	0.4	2.347	0.283	2.574	0.009	0.999	2000.0
336	0.78	4.27	0.499	4.819	0.02	0.997	3000.0
337	1.097	6.206	0.57	5.711	0.018	0.996	6000.0
338	1.488	7.816	0.8	7.226	0.019	0.995	4000.0
339	2.038	11.563	1.152	11.043	0.04	0.991	4000.0
340	0.65	3.68	0.43	4.271	0.014	0.998	13000.0
341	0.697	4.223	0.45	4.312	0.006	0.998	3000.0
342	0.933	5.07	0.627	6.011	0.024	0.996	2000.0
343	0.569	3.264	0.311	2.846	0.004	0.999	6000.0
344	1.349	7.797	0.703	6.637	0.023	0.996	7000.0
345	0.895	5.061	0.576	5.444	0.021	0.997	47000.0
346	0.26	1.374	0.184	1.542	0.005	1.0	8000.0
347	0.587	3.175	0.359	3.418	0.013	0.999	4000.0
348	0.564	3.149	0.398	3.535	0.014	0.999	3000.0
349	1.1	6.323	0.641	6.74	0.028	0.994	5000.0
350	0.879	4.836	0.532	4.998	0.027	0.997	25000.0
351	1.173	6.481	0.768	6.852	0.025	0.995	3000.0
352	0.889	5.147	0.551	5.817	0.026	0.995	4000.0
353	0.367	2.122	0.259	2.628	0.008	0.999	4000.0
354	0.509	2.961	0.269	2.353	0.004	1.0	4000.0
355	0.267	1.376	0.163	1.588	0.006	0.999	6000.0
356	0.0	0.0	0.0	0.0	0.0	1.0	5000.0
357	0.3	1.738	0.181	1.713	0.002	1.0	7000.0
358	0.717	3.888	0.412	4.185	0.008	0.998	7000.0
359	1.662	9.462	0.998	9.63	0.037	0.989	4000.0
360	1.532	8.312	0.853	7.66	0.034	0.994	4000.0
361	0.91	5.08	0.49	4.427	0.008	0.999	43000.0
362	0.671	3.672	0.395	3.816	0.016	0.998	2000.0
363	0.789	4.548	0.445	4.133	0.013	0.999	5000.0
364	0.859	4.875	0.493	4.099	0.007	0.998	15000.0
365	0.828	4.713	0.451	4.271	0.02	0.998	11000.0
366	0.686	3.934	0.436	4.05	0.01	0.998	4000.0
367	1.572	9.045	0.839	7.922	0.036	0.994	4000.0
368	0.855	4.893	0.474	4.385	0.01	0.998	4000.0
369	0.423	2.33	0.258	2.135	0.002	1.0	6000.0
370	1.464	8.375	0.798	7.184	0.029	0.996	8000.0
371	0.722	3.983	0.455	4.022	0.016	0.998	4000.0
372	1.183	6.924	0.664	6.01	0.022	0.998	4000.0
373	0.316	1.595	0.195	1.879	0.004	1.0	4000.0
374	0.399	2.149	0.243	2.333	0.009	0.999	13000.0
375	0.883	5.094	0.514	4.664	0.014	0.999	17000.0
376	1.042	6.014	0.613	6.622	0.024	0.995	3000.0
377	1.357	7.789	0.748	6.613	0.019	0.997	27000.0
378	1.095	6.294	0.632	5.688	0.016	0.998	4000.0
379	0.609	3.444	0.371	3.717	0.015	0.999	5000.0
380	0.903	4.846	0.575	5.067	0.021	0.997	14000.0
381	0.624	3.601	0.441	3.801	0.02	0.999	2000.0
382	1.282	7.014	0.666	6.399	0.012	0.997	4000.0
383	0.965	5.386	0.577	4.758	0.012	0.999	7000.0
384	0.706	3.949	0.402	3.97	0.015	0.998	4000.0
385	1.043	5.972	0.544	4.847	0.015	0.999	4000.0
386	0.711	4.111	0.469	4.478	0.017	0.998	3000.0
387	0.231	1.275	0.155	1.407	0.003	1.0	3000.0
388	0.919	5.292	0.586	6.271	0.026	0.991	2000.0
389	0.52	2.951	0.339	3.255	0.008	0.999	4000.0
390	0.45	2.196	0.318	2.638	0.009	0.998	2000.0
391	1.068	5.945	0.673	6.407	0.022	0.995	22000.0
392	0.367	2.058	0.234	2.38	0.008	0.999	3000.0
393	1.215	6.991	0.692	6.095	0.014	0.996	7000.0
394	0.224	1.217	0.12	1.088	0.002	1.0	60000.0
395	0.836	4.726	0.461	4.358	0.01	0.998	31000.0
396	0.7	3.984	0.394	3.711	0.008	0.999	27000.0
397	0.704	3.945	0.45	3.689	0.014	0.999	4000.0
398	0.171	0.891	0.121	1.047	0.003	1.0	2000.0
399	1.181	6.828	0.68	5.798	0.019	0.997	3000.0
400	0.373	1.918	0.21	1.87	0.01	0.999	4000.0
401	0.983	5.446	0.567	5.215	0.02	0.997	8000.0
402	0.737	4.3	0.431	3.716	0.006	0.999	6000.0
403	0.816	4.813	0.475	3.823	0.015	0.999	14000.0
404	0.429	2.274	0.303	2.655	0.01	0.999	2000.0
405	0.749	4.063	0.434	3.983	0.008	0.999	3000.0
406	1.063	6.151	0.596	5.688	0.019	0.997	7000.0
407	0.737	4.318	0.435	4.259	0.007	0.998	3000.0
408	0.24	1.412	0.149	1.52	0.004	1.0	3000.0
409	1.23	7.162	0.673	6.036	0.017	0.998	3000.0
410	0.315	1.659	0.199	1.845	0.008	0.999	3000.0
411	0.693	3.766	0.373	3.247	0.007	0.999	3000.0
412	0.388	2.074	0.249	2.406	0.009	0.999	7000.0
413	0.482	2.879	0.278	2.661	0.008	0.999	4000.0
414	1.174	6.635	0.616	5.48	0.023	0.998	31000.0
415	0.16	0.827	0.113	1.013	0.003	1.0	4000.0
416	0.16	0.9	0.098	0.857	0.004	1.0	4000.0
417	0.996	5.756	0.557	5.041	0.021	0.998	2000.0
418	0.397	2.177	0.242	2.091	0.007	1.0	7000.0
419	0.675	3.654	0.397	3.562	0.008	0.999	16000.0
420	1.138	6.12	0.593	5.205	0.005	0.998	3000.0
421	0.38	2.148	0.248	2.316	0.008	0.999	27000.0
422	0.921	5.334	0.508	4.657	0.012	0.999	3000.0
423	0.641	3.551	0.391	3.689	0.016	0.999	52000.0
424	0.499	2.916	0.277	2.457	0.004	0.999	8000.0
425	1.046	5.913	0.607	5.936	0.026	0.996	8000.0
426	0.669	3.498	0.407	3.992	0.016	0.997	13000.0
427	0.477	2.698	0.301	2.754	0.006	0.999	5000.0
428	1.291	7.299	0.694	5.746	0.012	0.998	62000.0
429	0.569	3.258	0.308	3.035	0.005	0.999	23000.0
430	0.381	2.178	0.269	2.641	0.008	0.999	4000.0
431	0.427	2.38	0.273	2.437	0.005	0.999	9000.0
432	0.788	4.451	0.403	3.784	0.007	0.998	4000.0
433	0.46	2.56	0.308	2.432	0.01	1.0	4000.0
434	1.049	5.916	0.606	5.73	0.016	0.998	2000.0
435	0.991	5.443	0.586	5.027	0.013	0.998	4000.0
436	0.374	1.898	0.244	2.063	0.008	0.999	3000.0
437	0.347	1.928	0.197	1.788	0.008	1.0	31000.0
438	0.711	3.993	0.471	4.613	0.019	0.997	3000.0
439	0.742	4.08	0.433	4.107	0.008	0.999	3000.0
440	0.564	3.143	0.329	3.041	0.005	0.999	12000.0
441	0.764	3.981	0.47	3.623	0.012	0.999	7000.0
442	0.39	2.122	0.276	2.335	0.009	1.0	17000.0
443	0.5	2.966	0.309	2.56	0.006	1.0	54000.0
444	0.628	3.466	0.373	3.242	0.007	0.999	8000.0
445	0.38	2.047	0.24	1.945	0.006	1.0	7000.0
446	1.864	10.793	1.021	9.785	0.021	0.994	3000.0
447	1.36	7.447	0.725	6.795	0.014	0.996	49000.0
448	0.497	2.748	0.351	3.051	0.011	0.999	3000.0
449	1.008	5.542	0.642	5.93	0.02	0.996	3000.0
450	1.3	7.13	0.756	7.464	0.025	0.994	5000.0
451	1.524	8.543	0.865	7.858	0.008	0.996	5000.0
452	0.551	3.184	0.32	2.884	0.007	0.999	5000.0
453	0.619	3.51	0.394	3.985	0.011	0.999	5000.0
454	0.933	5.085	0.462	4.265	0.009	0.999	3000.0
455	0.447	2.451	0.292	2.723	0.008	0.999	4000.0
456	0.889	5.072	0.522	4.688	0.013	0.999	6000.0
457	1.136	6.397	0.644	5.88	0.017	0.998	9000.0
458	1.07	6.019	0.547	5.521	0.016	0.997	7000.0
459	1.337	7.749	0.717	6.483	0.018	0.997	12000.0
460	1.137	6.517	0.607	5.708	0.015	0.997	24000.0
461	0.658	3.936	0.412	3.806	0.009	0.999	5000.0
462	0.393	2.226	0.236	2.161	0.003	1.0	5000.0
463	0.2	1.09	0.141	1.206	0.004	1.0	4000.0
464	0.98	5.53	0.525	4.866	0.019	0.998	6000.0
465	0.443	2.519	0.313	2.95	0.01	0.999	9000.0
466	0.264	1.596	0.168	1.404	0.0	1.0	67000.0
467	0.811	4.477	0.513	4.467	0.016	0.998	4000.0
468	0.968	5.553	0.574	5.493	0.013	0.997	2000.0
469	0.727	4.04	0.391	3.349	0.006	0.999	6000.0
470	0.306	1.667	0.21	1.794	0.002	1.0	4000.0
471	0.5	2.67	0.338	3.008	0.012	0.999	4000.0
472	1.113	6.507	0.681	6.426	0.029	0.996	4000.0
473	1.245	7.018	0.623	5.897	0.019	0.998	5000.0
474	0.423	2.408	0.289	2.624	0.01	0.999	2000.0
475	0.0	0.0	0.0	0.0	0.0	1.0	5000.0
476	0.418	2.309	0.259	2.118	0.005	0.999	5000.0
477	0.415	2.26	0.258	2.46	0.011	0.999	3000.0
478	0.532	3.087	0.353	3.347	0.01	0.999	8000.0
479	0.2	1.146	0.141	1.259	0.004	1.0	3000.0
480	0.75	4.066	0.453	4.129	0.019	0.997	5000.0
481	1.774	10.113	0.916	8.541	0.021	0.994	7000.0
482	1.48	8.352	0.751	6.918	0.016	0.996	9000.0
483	1.071	5.995	0.532	4.762	0.015	0.999	6000.0
484	0.993	5.398	0.542	5.165	0.023	0.997	54000.0
485	1.409	7.378	0.686	6.501	0.019	0.996	24000.0
486	0.265	1.535	0.184	1.766	0.003	1.0	5000.0
487	1.08	6.126	0.556	5.292	0.012	0.998	4000.0
488	1.024	5.755	0.565	5.4	0.012	0.997	4000.0
489	1.046	6.066	0.613	6.201	0.026	0.997	14000.0
490	0.645	3.47	0.391	3.447	0.018	0.998	3000.0
491	0.581	3.352	0.359	3.12	0.006	1.0	41000.0
492	0.2	1.146	0.141	1.121	0.005	1.0	4000.0
493	0.72	4.088	0.484	4.811	0.018	0.996	6000.0
494	0.639	3.804	0.369	3.258	0.011	0.999	3000.0
495	0.1	0.544	0.071	0.528	0.002	1.0	4000.0
496	0.979	5.438	0.54	4.963	0.012	0.998	5000.0
497	1.393	8.164	0.737	6.806	0.021	0.997	6000.0
498	0.823	4.627	0.45	4.107	0.011	0.998	6000.0
499	0.955	5.275	0.493	4.75	0.013	0.997	11000.0
500	0.74	3.918	0.418	3.731	0.016	0.999	6000.0
