NMF_Replicate	L1	L1 %	L2	L2 %	KL Divergence	Correlation	Convergence Iterations
1	0.559	3.219	0.338	3.277	0.009	0.999	2000.0
2	1.073	6.024	0.634	5.677	0.017	0.998	11000.0
3	1.379	7.679	0.705	6.625	0.018	0.998	4000.0
4	1.591	8.231	0.829	7.6	0.035	0.995	9000.0
5	1.151	6.44	0.742	7.187	0.039	0.996	2000.0
6	1.209	7.095	0.642	5.989	0.019	0.998	11000.0
7	1.077	6.149	0.597	5.707	0.031	0.997	8000.0
8	1.419	7.954	0.71	6.673	0.022	0.998	22000.0
9	0.779	4.427	0.442	4.165	0.012	0.999	5000.0
10	2.858	16.336	1.442	13.251	0.045	0.992	4000.0
11	1.066	6.28	0.578	5.05	0.024	0.998	5000.0
12	1.326	7.319	0.744	6.672	0.016	0.998	3000.0
13	1.301	7.311	0.681	6.083	0.029	0.998	2000.0
14	1.662	8.857	0.949	9.419	0.05	0.99	2000.0
15	1.352	7.728	0.726	7.205	0.024	0.996	5000.0
16	1.587	8.784	0.863	8.046	0.02	0.996	27000.0
17	1.335	7.858	0.712	6.359	0.031	0.997	57000.0
18	1.059	6.015	0.646	5.779	0.006	0.997	4000.0
19	2.45	13.78	1.176	11.07	0.048	0.993	2000.0
20	1.219	6.883	0.698	6.938	0.016	0.997	3000.0
21	1.403	7.74	0.781	7.03	0.051	0.994	2000.0
22	2.166	12.135	1.255	11.46	0.05	0.988	14000.0
23	1.078	5.953	0.593	5.656	0.021	0.997	15000.0
24	2.239	12.448	1.07	10.259	0.029	0.994	3000.0
25	1.557	9.089	0.934	8.314	0.019	0.995	2000.0
26	1.045	5.857	0.543	4.414	0.018	0.999	15000.0
27	0.589	3.244	0.376	3.766	0.013	0.999	2000.0
28	1.298	7.431	0.764	6.86	0.026	0.996	16000.0
29	1.462	8.213	0.723	6.52	0.017	0.997	3000.0
30	1.654	9.218	0.872	8.274	0.022	0.995	7000.0
31	0.916	4.692	0.538	5.172	0.012	0.996	16000.0
32	1.733	9.529	0.977	8.981	0.028	0.994	4000.0
33	1.536	8.63	0.913	8.354	0.045	0.995	4000.0
34	1.528	8.959	0.8	6.852	0.028	0.997	11000.0
35	0.795	4.557	0.478	4.367	0.017	0.999	17000.0
36	0.96	5.281	0.642	5.498	0.023	0.998	4000.0
37	1.563	8.729	0.783	7.554	0.017	0.997	31000.0
38	1.941	11.178	1.014	9.394	0.028	0.995	3000.0
39	1.129	6.403	0.66	6.081	0.019	0.997	5000.0
40	0.982	5.643	0.593	5.889	0.014	0.996	5000.0
41	0.329	1.888	0.215	1.874	0.005	1.0	3000.0
42	1.389	7.45	0.71	5.832	0.017	0.998	3000.0
43	1.662	9.427	0.876	8.346	0.025	0.996	4000.0
44	0.979	5.288	0.515	4.818	0.009	0.998	3000.0
45	0.832	4.618	0.47	4.202	0.004	0.999	4000.0
46	1.579	8.788	0.882	7.726	0.019	0.995	3000.0
47	1.441	8.107	0.771	6.718	0.012	0.997	3000.0
48	0.548	2.881	0.32	2.913	0.008	0.999	3000.0
49	2.468	13.743	1.374	12.407	0.033	0.992	5000.0
50	1.913	10.753	1.007	8.852	0.035	0.995	9000.0
51	1.094	6.174	0.644	5.863	0.024	0.996	7000.0
52	2.4	13.629	1.278	11.607	0.039	0.992	4000.0
53	1.163	6.553	0.635	5.463	0.025	0.998	4000.0
54	1.098	6.115	0.59	5.237	0.009	0.998	3000.0
55	0.589	3.261	0.362	3.548	0.013	0.999	3000.0
56	1.481	8.148	0.79	7.095	0.02	0.997	5000.0
57	1.173	6.663	0.611	5.361	0.023	0.999	5000.0
58	1.725	9.765	0.879	7.645	0.021	0.996	7000.0
59	0.43	2.352	0.292	2.407	0.002	0.999	3000.0
60	2.272	12.358	1.284	13.518	0.071	0.98	3000.0
61	1.817	10.329	0.896	8.683	0.031	0.996	3000.0
62	1.332	7.723	0.74	6.937	0.015	0.997	7000.0
63	1.486	8.14	0.807	7.29	0.017	0.997	5000.0
64	1.93	10.928	1.101	10.408	0.023	0.992	3000.0
65	1.73	10.128	0.861	8.568	0.033	0.993	20000.0
66	0.972	5.501	0.545	4.922	0.009	0.999	5000.0
67	1.263	7.431	0.68	6.503	0.014	0.997	14000.0
68	1.545	8.415	0.735	6.77	0.02	0.997	9000.0
69	1.623	9.216	0.848	7.946	0.018	0.996	6000.0
70	1.107	6.424	0.642	5.339	0.015	0.999	26000.0
71	1.901	10.679	0.974	8.942	0.027	0.996	11000.0
72	0.667	3.519	0.438	4.121	0.016	0.997	4000.0
73	1.54	8.456	0.879	8.135	0.017	0.995	3000.0
74	1.181	6.942	0.702	6.694	0.019	0.996	3000.0
75	0.544	3.008	0.301	2.743	0.005	1.0	6000.0
76	1.242	7.084	0.634	5.588	0.022	0.998	8000.0
77	1.316	7.682	0.723	7.189	0.023	0.995	4000.0
78	2.016	11.544	1.013	9.772	0.041	0.992	3000.0
79	0.892	5.022	0.477	4.309	0.011	0.999	38000.0
80	0.817	4.549	0.496	4.414	0.013	0.998	12000.0
81	1.117	6.349	0.64	5.75	0.021	0.998	4000.0
82	0.679	3.547	0.434	4.023	0.014	0.998	6000.0
83	1.252	7.061	0.726	6.187	0.012	0.997	3000.0
84	0.881	4.932	0.524	4.805	0.024	0.998	15000.0
85	1.027	5.63	0.567	5.345	0.024	0.998	4000.0
86	1.176	6.866	0.696	6.288	0.01	0.998	5000.0
87	1.127	6.379	0.653	5.761	0.026	0.997	10000.0
88	1.315	7.619	0.706	6.82	0.02	0.997	8000.0
89	0.597	3.167	0.385	3.87	0.012	0.998	2000.0
90	1.293	7.2	0.78	7.322	0.038	0.994	5000.0
91	1.12	6.379	0.633	5.46	0.018	0.999	11000.0
92	0.647	3.466	0.349	3.132	0.015	0.999	3000.0
93	0.553	2.986	0.311	2.816	0.005	0.999	9000.0
94	1.603	8.966	0.868	7.891	0.018	0.996	7000.0
95	1.344	7.577	0.737	7.354	0.03	0.996	4000.0
96	0.754	4.136	0.418	3.873	0.017	0.998	3000.0
97	0.862	4.748	0.518	4.522	0.011	0.998	4000.0
98	1.706	9.617	0.969	9.747	0.036	0.993	20000.0
99	0.717	3.808	0.419	4.175	0.015	0.997	2000.0
100	1.051	6.063	0.639	6.098	0.017	0.997	18000.0
101	0.44	2.476	0.291	2.782	0.011	0.999	7000.0
102	0.991	5.452	0.539	4.665	0.008	0.998	3000.0
103	1.515	8.625	0.756	6.996	0.023	0.997	6000.0
104	1.48	8.329	0.8	7.196	0.022	0.997	8000.0
105	1.321	7.394	0.748	6.828	0.029	0.997	3000.0
106	2.437	13.936	1.279	11.94	0.053	0.991	6000.0
107	1.187	6.519	0.696	6.302	0.019	0.997	3000.0
108	1.49	8.462	0.764	6.499	0.032	0.997	6000.0
109	1.483	8.582	0.763	6.724	0.032	0.996	15000.0
110	1.404	7.762	0.822	7.492	0.029	0.996	51000.0
111	1.408	7.994	0.7	6.42	0.026	0.998	10000.0
112	1.523	8.857	0.807	7.406	0.022	0.995	5000.0
113	1.612	8.893	0.909	8.48	0.036	0.995	4000.0
114	0.883	5.267	0.558	4.636	0.006	0.998	4000.0
115	2.483	13.938	1.262	12.152	0.036	0.99	3000.0
116	1.525	8.532	0.783	7.211	0.018	0.996	3000.0
117	0.548	2.983	0.336	3.276	0.01	0.999	4000.0
118	0.635	3.798	0.426	4.361	0.013	0.998	8000.0
119	2.049	11.503	0.986	9.496	0.041	0.993	5000.0
120	1.112	6.335	0.659	6.138	0.025	0.997	7000.0
121	1.04	6.002	0.586	5.372	0.015	0.998	4000.0
122	1.446	7.876	0.863	8.187	0.048	0.993	9000.0
123	1.25	6.777	0.788	7.648	0.029	0.996	4000.0
124	1.201	6.437	0.665	5.57	0.022	0.997	43000.0
125	1.411	7.97	0.781	6.783	0.029	0.997	36000.0
126	0.837	4.621	0.549	5.11	0.023	0.997	4000.0
127	1.196	6.585	0.634	5.396	0.013	0.998	3000.0
128	1.791	10.127	1.266	11.491	0.05	0.983	7000.0
129	1.466	8.025	0.767	6.56	0.028	0.998	5000.0
130	1.312	7.408	0.741	7.15	0.017	0.997	4000.0
131	0.835	4.612	0.51	5.011	0.026	0.997	7000.0
132	1.069	6.069	0.714	6.356	0.026	0.997	3000.0
133	2.294	13.232	1.136	11.181	0.033	0.992	3000.0
134	0.757	4.211	0.486	4.331	0.003	0.999	7000.0
135	2.167	12.444	1.173	10.572	0.032	0.992	5000.0
136	0.751	4.343	0.445	4.173	0.019	0.998	5000.0
137	1.181	6.578	0.644	5.883	0.026	0.997	18000.0
138	1.313	7.583	0.824	7.153	0.022	0.997	7000.0
139	1.865	10.761	1.004	9.685	0.036	0.992	5000.0
140	0.48	2.646	0.306	2.883	0.005	0.999	18000.0
141	1.528	8.533	0.796	7.023	0.022	0.997	5000.0
142	1.074	5.841	0.618	5.605	0.025	0.998	38000.0
143	1.494	8.657	0.743	7.028	0.023	0.996	4000.0
144	1.598	8.876	0.913	8.165	0.037	0.996	5000.0
145	1.402	8.436	0.834	8.32	0.04	0.993	13000.0
146	1.604	9.106	0.845	7.755	0.028	0.995	3000.0
147	1.456	8.146	0.748	6.932	0.025	0.995	3000.0
148	1.483	8.538	0.818	7.988	0.036	0.994	12000.0
149	2.089	12.194	1.095	11.001	0.036	0.99	5000.0
150	2.067	11.33	1.016	8.819	0.032	0.995	3000.0
151	0.733	4.085	0.406	3.547	0.01	0.999	4000.0
152	0.405	2.09	0.262	2.155	0.008	1.0	4000.0
153	1.79	10.184	0.989	9.178	0.02	0.995	4000.0
154	1.995	11.142	0.939	9.121	0.037	0.993	6000.0
155	1.372	7.731	0.694	6.381	0.029	0.997	5000.0
156	1.367	7.414	0.727	6.418	0.018	0.997	4000.0
157	1.429	7.628	0.819	7.3	0.035	0.994	3000.0
158	0.854	4.713	0.498	4.672	0.023	0.997	22000.0
159	0.873	4.759	0.556	5.594	0.021	0.996	4000.0
160	1.416	7.847	0.807	7.564	0.028	0.996	5000.0
161	1.43	8.162	0.792	7.382	0.026	0.996	6000.0
162	1.498	8.399	0.971	9.568	0.053	0.988	3000.0
163	1.868	10.511	0.953	9.075	0.045	0.991	6000.0
164	1.28	7.45	0.707	6.66	0.02	0.996	8000.0
165	0.784	4.574	0.463	4.352	0.012	0.998	3000.0
166	0.92	5.05	0.485	4.492	0.012	0.998	3000.0
167	0.583	3.197	0.327	2.818	0.006	1.0	7000.0
168	1.599	8.875	0.85	7.37	0.022	0.997	3000.0
169	1.9	11.063	0.99	10.289	0.021	0.991	55000.0
170	1.199	6.676	0.713	6.732	0.025	0.997	3000.0
171	0.844	4.636	0.453	4.411	0.013	0.998	69000.0
172	1.443	8.355	0.791	7.176	0.015	0.995	5000.0
173	1.487	8.267	0.742	7.184	0.023	0.996	11000.0
174	0.457	2.459	0.323	2.78	0.008	0.999	3000.0
175	1.659	9.115	0.924	8.202	0.029	0.995	4000.0
176	2.02	11.446	1.137	10.477	0.044	0.993	3000.0
177	1.318	7.571	0.703	6.342	0.021	0.996	5000.0
178	1.637	9.911	0.931	8.117	0.03	0.996	3000.0
179	1.288	7.108	0.7	6.778	0.034	0.996	5000.0
180	1.15	6.317	0.622	6.315	0.018	0.996	22000.0
181	1.733	9.791	0.869	7.752	0.03	0.996	5000.0
182	2.32	12.935	1.297	12.414	0.019	0.992	3000.0
183	1.487	8.277	0.849	7.867	0.026	0.995	7000.0
184	1.17	6.542	0.653	5.663	0.025	0.997	10000.0
185	1.664	9.43	0.882	8.063	0.04	0.996	25000.0
186	0.631	3.546	0.418	4.418	0.009	0.998	3000.0
187	2.185	12.134	1.269	11.943	0.03	0.992	4000.0
188	2.603	14.555	1.336	12.222	0.053	0.989	3000.0
189	0.889	5.269	0.528	4.811	0.008	0.998	40000.0
190	1.782	9.948	0.875	7.961	0.019	0.995	4000.0
191	0.818	4.39	0.549	4.947	0.016	0.998	4000.0
192	1.235	6.868	0.702	6.348	0.008	0.996	5000.0
193	1.215	6.586	0.661	5.781	0.016	0.998	4000.0
194	1.225	6.734	0.591	5.591	0.017	0.998	2000.0
195	2.514	14.095	1.31	12.247	0.044	0.987	3000.0
196	1.199	6.591	0.599	5.323	0.019	0.998	12000.0
197	0.379	2.084	0.242	2.024	0.008	1.0	2000.0
198	1.091	6.138	0.608	5.622	0.02	0.998	7000.0
199	1.579	8.643	0.885	7.207	0.029	0.996	9000.0
200	1.375	7.85	0.753	6.904	0.02	0.996	4000.0
201	0.798	4.285	0.446	3.854	0.018	0.999	6000.0
202	1.153	6.713	0.631	6.365	0.015	0.996	4000.0
203	2.03	11.297	1.02	9.341	0.023	0.994	14000.0
204	1.289	7.324	0.746	6.926	0.024	0.995	7000.0
205	0.968	5.367	0.591	5.76	0.017	0.997	11000.0
206	1.689	9.582	0.885	8.707	0.03	0.993	13000.0
207	1.49	8.313	0.762	7.044	0.027	0.996	8000.0
208	1.456	8.482	0.839	7.359	0.034	0.995	3000.0
209	1.925	10.744	1.062	9.274	0.041	0.994	2000.0
210	0.993	5.193	0.557	5.092	0.028	0.997	2000.0
211	1.586	8.515	0.77	7.271	0.021	0.995	7000.0
212	1.325	7.584	0.709	5.901	0.027	0.998	4000.0
213	1.826	10.203	0.9	8.055	0.022	0.995	9000.0
214	1.245	7.256	0.638	5.994	0.016	0.998	3000.0
215	0.303	1.596	0.194	1.695	0.01	1.0	38000.0
216	1.969	10.895	1.026	9.3	0.033	0.996	4000.0
217	2.054	11.472	1.084	10.26	0.026	0.993	2000.0
218	1.148	6.45	0.598	5.329	0.019	0.998	13000.0
219	0.709	4.052	0.422	3.648	0.002	0.999	62000.0
220	1.844	10.51	0.983	9.007	0.041	0.994	5000.0
221	1.432	8.201	0.769	7.085	0.014	0.996	27000.0
222	1.295	7.309	0.722	6.222	0.029	0.998	8000.0
223	1.431	8.077	0.766	6.678	0.025	0.997	23000.0
224	0.896	4.975	0.6	5.316	0.025	0.997	2000.0
225	0.818	4.586	0.513	4.893	0.014	0.998	3000.0
226	0.314	1.708	0.193	1.688	0.003	1.0	3000.0
227	0.676	3.761	0.397	3.727	0.014	0.999	4000.0
228	1.24	6.866	0.69	5.831	0.015	0.998	3000.0
229	0.982	5.455	0.587	5.67	0.025	0.997	3000.0
230	2.072	11.982	1.077	10.965	0.044	0.989	4000.0
231	1.236	7.1	0.705	6.049	0.014	0.998	3000.0
232	0.591	3.393	0.381	3.588	0.016	0.998	25000.0
233	1.145	6.399	0.729	6.958	0.03	0.996	3000.0
234	1.82	10.14	0.944	8.775	0.018	0.996	11000.0
235	0.92	5.343	0.585	5.487	0.022	0.997	5000.0
236	1.161	6.581	0.751	7.076	0.028	0.995	2000.0
237	0.4	2.221	0.225	2.174	0.008	0.999	3000.0
238	1.749	10.04	0.942	8.752	0.023	0.996	3000.0
239	0.975	5.357	0.518	4.649	0.013	0.998	28000.0
240	1.464	8.031	0.735	6.393	0.018	0.998	4000.0
241	1.17	6.745	0.649	5.919	0.025	0.997	55000.0
242	1.067	5.955	0.586	5.387	0.018	0.998	2000.0
243	1.754	9.816	0.947	8.226	0.024	0.994	5000.0
244	0.461	2.536	0.289	2.742	0.007	0.999	4000.0
245	1.796	10.05	0.898	8.493	0.028	0.995	7000.0
246	0.943	5.154	0.548	5.097	0.023	0.998	3000.0
247	1.595	8.879	0.886	8.417	0.036	0.995	3000.0
248	1.039	5.9	0.577	4.947	0.005	0.999	7000.0
249	1.035	5.814	0.557	5.162	0.013	0.998	13000.0
250	1.769	9.919	0.946	8.336	0.029	0.997	3000.0
251	1.467	8.574	0.828	7.915	0.019	0.995	8000.0
252	1.491	8.361	0.71	6.584	0.025	0.996	7000.0
253	1.095	6.235	0.545	5.027	0.013	0.999	4000.0
254	1.712	9.778	0.877	8.634	0.016	0.995	6000.0
255	0.843	4.897	0.462	3.902	0.015	0.999	3000.0
256	1.233	7.143	0.752	6.872	0.007	0.996	6000.0
257	1.81	10.914	1.079	10.439	0.032	0.989	8000.0
258	1.216	6.775	0.66	6.363	0.021	0.997	10000.0
259	1.51	8.567	0.821	7.52	0.022	0.995	2000.0
260	1.342	7.565	0.709	6.436	0.02	0.997	4000.0
261	1.549	8.803	0.816	7.248	0.031	0.996	23000.0
262	1.572	9.004	0.843	7.684	0.014	0.996	3000.0
263	1.188	6.452	0.698	5.775	0.033	0.998	4000.0
264	1.115	6.373	0.615	5.752	0.014	0.998	2000.0
265	0.978	5.487	0.544	4.917	0.015	0.999	3000.0
266	0.714	3.84	0.427	3.866	0.019	0.998	3000.0
267	1.487	8.358	0.841	7.365	0.024	0.997	7000.0
268	0.555	3.345	0.314	2.713	0.009	1.0	6000.0
269	1.715	9.732	0.943	8.974	0.026	0.993	8000.0
270	1.02	5.845	0.658	6.406	0.021	0.996	10000.0
271	0.851	4.663	0.519	4.729	0.019	0.998	29000.0
272	0.838	4.567	0.521	4.699	0.016	0.998	5000.0
273	1.489	8.309	0.884	7.863	0.033	0.994	12000.0
274	0.16	0.845	0.113	1.024	0.003	1.0	3000.0
275	1.262	7.044	0.742	7.433	0.03	0.995	5000.0
276	1.151	6.471	0.693	6.344	0.027	0.997	4000.0
277	1.945	10.936	1.046	9.869	0.041	0.994	3000.0
278	1.607	9.211	0.809	7.691	0.016	0.997	4000.0
279	0.821	4.847	0.548	5.429	0.013	0.997	3000.0
280	0.968	5.381	0.56	5.0	0.026	0.998	7000.0
281	0.659	3.594	0.375	3.457	0.012	0.999	3000.0
282	1.003	5.586	0.595	5.246	0.022	0.998	3000.0
283	1.186	6.658	0.648	5.536	0.025	0.997	25000.0
284	2.061	11.216	1.129	10.336	0.046	0.99	2000.0
285	1.528	8.371	0.827	7.883	0.024	0.996	18000.0
286	1.45	8.68	0.806	8.2	0.02	0.993	5000.0
287	0.998	5.503	0.516	4.525	0.014	0.999	9000.0
288	1.453	8.344	0.868	7.752	0.012	0.997	2000.0
289	0.35	1.87	0.225	1.977	0.01	0.999	5000.0
290	1.227	6.892	0.633	5.882	0.009	0.997	5000.0
291	1.049	5.836	0.546	4.697	0.012	0.999	8000.0
292	0.582	3.282	0.37	3.312	0.01	0.999	3000.0
293	1.395	7.815	0.785	7.483	0.022	0.996	3000.0
294	0.583	3.164	0.4	3.568	0.013	0.999	13000.0
295	1.114	6.647	0.582	4.918	0.032	0.998	3000.0
296	1.403	7.923	0.764	6.722	0.017	0.997	3000.0
297	1.022	5.72	0.552	4.87	0.011	0.998	7000.0
298	1.066	5.926	0.599	5.447	0.024	0.998	4000.0
299	1.359	7.378	0.683	6.351	0.015	0.997	10000.0
300	1.302	7.308	0.805	7.359	0.025	0.997	4000.0
301	1.382	8.158	0.784	7.769	0.025	0.994	14000.0
302	1.76	10.041	0.869	8.156	0.033	0.996	4000.0
303	1.371	7.793	0.763	7.085	0.008	0.996	3000.0
304	1.24	6.872	0.626	5.974	0.026	0.997	4000.0
305	0.692	4.155	0.393	3.342	0.015	0.999	8000.0
306	1.2	6.87	0.66	6.192	0.022	0.998	3000.0
307	1.11	6.388	0.635	6.354	0.019	0.997	3000.0
308	1.624	8.915	0.941	8.665	0.044	0.993	4000.0
309	0.854	4.689	0.498	4.563	0.005	0.999	7000.0
310	1.415	7.812	0.772	7.203	0.023	0.996	65000.0
311	2.101	11.943	1.053	9.793	0.038	0.995	5000.0
312	0.734	4.139	0.495	4.856	0.025	0.996	16000.0
313	1.706	9.306	0.94	9.408	0.029	0.992	6000.0
314	1.785	10.021	0.991	8.806	0.03	0.995	2000.0
315	2.423	13.49	1.265	12.735	0.03	0.99	3000.0
316	0.996	5.471	0.515	4.771	0.014	0.998	10000.0
317	1.204	6.727	0.693	6.439	0.02	0.997	35000.0
318	0.507	2.766	0.35	3.274	0.012	0.999	2000.0
319	1.164	6.629	0.71	6.592	0.019	0.997	15000.0
320	2.233	12.404	1.252	11.783	0.02	0.99	4000.0
321	1.22	7.088	0.697	6.458	0.018	0.997	3000.0
322	0.676	3.531	0.388	3.329	0.01	0.999	4000.0
323	1.338	7.511	0.76	6.917	0.022	0.997	4000.0
324	1.551	8.661	0.965	9.668	0.035	0.993	10000.0
325	1.275	7.437	0.761	7.023	0.012	0.994	4000.0
326	0.717	4.232	0.402	3.726	0.021	0.999	3000.0
327	0.471	2.72	0.328	2.977	0.012	0.999	8000.0
328	1.619	8.956	0.777	6.519	0.033	0.998	6000.0
329	1.715	9.741	0.87	7.992	0.022	0.996	7000.0
330	1.731	9.526	0.838	7.92	0.023	0.994	7000.0
331	0.973	5.303	0.545	5.018	0.011	0.998	2000.0
332	1.5	8.574	0.819	7.173	0.017	0.996	8000.0
333	0.853	5.02	0.476	4.07	0.011	0.998	3000.0
334	1.178	6.621	0.624	5.572	0.018	0.997	10000.0
335	0.905	4.921	0.598	5.789	0.024	0.996	3000.0
336	0.578	3.25	0.387	3.716	0.014	0.998	2000.0
337	2.261	12.865	1.154	10.983	0.035	0.993	5000.0
338	1.427	8.031	0.749	6.615	0.016	0.998	4000.0
339	1.43	8.358	0.814	7.746	0.015	0.995	4000.0
340	2.38	13.36	1.25	11.811	0.029	0.992	8000.0
341	1.159	6.664	0.684	5.902	0.02	0.998	32000.0
342	1.79	10.015	0.917	8.534	0.023	0.992	3000.0
343	1.581	9.518	0.84	7.868	0.027	0.996	3000.0
344	1.061	6.012	0.582	5.583	0.019	0.998	9000.0
345	1.743	9.939	0.94	8.68	0.036	0.994	20000.0
346	1.808	10.067	1.016	8.904	0.024	0.995	9000.0
347	0.762	4.175	0.418	3.632	0.005	0.999	11000.0
348	0.635	3.606	0.41	3.756	0.016	0.999	4000.0
349	1.031	5.278	0.649	6.057	0.028	0.994	3000.0
350	1.107	6.308	0.573	4.909	0.016	0.998	4000.0
351	1.254	7.303	0.683	6.429	0.016	0.997	8000.0
352	0.894	4.856	0.496	4.702	0.027	0.997	4000.0
353	1.199	6.974	0.689	5.746	0.018	0.998	5000.0
354	1.23	7.124	0.623	5.799	0.022	0.997	5000.0
355	1.342	7.407	0.772	7.364	0.029	0.996	3000.0
356	1.157	6.434	0.552	5.467	0.019	0.998	8000.0
357	1.633	9.15	0.97	9.369	0.045	0.992	5000.0
358	1.775	9.935	0.941	9.067	0.033	0.994	4000.0
359	2.14	11.901	1.133	10.266	0.023	0.993	5000.0
360	1.484	8.384	0.747	6.861	0.022	0.998	4000.0
361	1.612	9.0	0.856	8.247	0.016	0.997	5000.0
362	1.543	8.972	0.852	7.98	0.012	0.996	6000.0
363	1.789	10.243	0.949	8.921	0.026	0.995	3000.0
364	0.568	3.278	0.36	3.159	0.008	0.999	6000.0
365	1.362	7.546	0.673	5.906	0.022	0.998	4000.0
366	1.462	7.808	0.815	6.867	0.026	0.996	11000.0
367	1.223	6.689	0.814	7.281	0.032	0.995	3000.0
368	1.831	10.172	0.933	8.539	0.024	0.995	3000.0
369	1.024	5.624	0.589	5.117	0.02	0.998	5000.0
370	1.916	10.621	1.031	9.588	0.028	0.994	4000.0
371	0.826	4.603	0.431	3.396	0.014	0.999	39000.0
372	1.075	5.835	0.578	5.245	0.027	0.997	4000.0
373	1.121	6.493	0.604	6.148	0.011	0.997	2000.0
374	0.988	5.457	0.646	5.655	0.023	0.998	17000.0
375	2.266	12.835	1.18	11.051	0.026	0.993	3000.0
376	1.737	9.939	0.927	8.635	0.022	0.995	5000.0
377	0.952	5.347	0.503	4.424	0.016	0.999	3000.0
378	0.98	5.688	0.591	5.287	0.014	0.999	5000.0
379	1.479	8.362	0.716	6.394	0.028	0.996	2000.0
380	1.396	7.895	0.734	6.831	0.036	0.996	7000.0
381	1.297	7.376	0.648	6.519	0.02	0.997	5000.0
382	1.033	5.723	0.57	5.302	0.012	0.998	7000.0
383	1.188	6.482	0.605	5.737	0.011	0.998	2000.0
384	1.511	8.566	0.886	8.124	0.02	0.995	3000.0
385	0.66	3.641	0.369	3.404	0.008	0.999	3000.0
386	1.513	8.321	0.863	7.603	0.026	0.996	8000.0
387	2.209	12.618	1.209	11.474	0.026	0.99	4000.0
388	1.123	6.23	0.599	5.842	0.021	0.997	3000.0
389	0.8	4.602	0.537	5.278	0.021	0.998	4000.0
390	1.056	6.042	0.598	5.436	0.012	0.998	8000.0
391	1.831	10.282	0.94	8.625	0.021	0.996	5000.0
392	1.213	6.475	0.776	7.391	0.028	0.993	3000.0
393	0.664	3.639	0.407	3.529	0.021	0.999	9000.0
394	0.829	4.197	0.586	5.305	0.018	0.996	3000.0
395	1.084	6.216	0.616	5.88	0.015	0.997	6000.0
396	1.013	5.799	0.529	4.367	0.017	0.999	16000.0
397	1.719	9.981	0.906	8.933	0.029	0.994	10000.0
398	0.751	4.187	0.483	4.621	0.014	0.998	3000.0
399	0.347	2.057	0.206	2.002	0.001	1.0	4000.0
400	1.151	6.449	0.694	6.505	0.031	0.996	5000.0
401	1.354	7.551	0.667	5.9	0.014	0.998	5000.0
402	0.563	3.182	0.377	3.287	0.009	0.999	48000.0
403	0.81	4.575	0.486	4.285	0.015	0.999	43000.0
404	1.661	9.303	0.854	7.547	0.024	0.996	4000.0
405	0.967	5.516	0.524	4.647	0.009	0.999	4000.0
406	1.212	6.816	0.608	5.463	0.025	0.997	4000.0
407	1.245	7.079	0.649	5.931	0.013	0.998	3000.0
408	1.941	10.692	1.056	10.009	0.054	0.992	2000.0
409	1.458	8.342	0.898	8.363	0.027	0.993	6000.0
410	0.442	2.547	0.312	3.014	0.008	0.999	4000.0
411	1.586	9.148	0.878	8.294	0.026	0.997	7000.0
412	1.44	8.186	0.729	7.307	0.032	0.994	5000.0
413	0.905	4.996	0.547	4.993	0.016	0.998	4000.0
414	1.219	6.944	0.651	5.892	0.016	0.998	3000.0
415	0.942	5.434	0.503	4.454	0.02	0.999	5000.0
416	1.08	6.148	0.751	6.735	0.033	0.996	2000.0
417	1.862	10.54	1.087	9.482	0.017	0.994	2000.0
418	1.565	8.797	0.933	8.035	0.022	0.997	3000.0
419	1.383	7.723	0.746	6.8	0.02	0.997	6000.0
420	2.003	11.643	1.062	10.439	0.033	0.992	5000.0
421	1.245	7.248	0.712	6.353	0.018	0.997	5000.0
422	0.875	4.861	0.492	4.284	0.009	0.998	2000.0
423	1.075	6.141	0.586	5.223	0.011	0.998	28000.0
424	1.043	5.821	0.674	6.157	0.013	0.997	2000.0
425	2.418	13.373	1.269	11.536	0.029	0.992	3000.0
426	0.712	4.079	0.411	3.754	0.011	0.999	4000.0
427	1.717	9.393	1.051	8.676	0.012	0.995	5000.0
428	0.461	2.475	0.307	2.691	0.009	0.999	2000.0
429	1.691	9.275	1.038	9.883	0.051	0.99	10000.0
430	1.419	8.022	0.714	7.023	0.026	0.995	4000.0
431	2.055	11.842	1.048	10.023	0.038	0.993	4000.0
432	1.18	6.665	0.654	5.628	0.025	0.998	27000.0
433	1.975	11.292	1.173	10.702	0.032	0.994	7000.0
434	0.681	3.786	0.416	3.768	0.016	0.998	4000.0
435	0.85	4.918	0.57	5.454	0.028	0.997	7000.0
436	1.222	6.339	0.672	5.927	0.02	0.997	7000.0
437	1.037	5.892	0.525	4.656	0.015	0.998	3000.0
438	2.259	12.74	1.071	10.54	0.033	0.992	7000.0
439	0.613	3.489	0.349	3.073	0.011	0.999	27000.0
440	1.439	7.963	0.835	7.7	0.022	0.996	5000.0
441	1.091	6.511	0.627	5.829	0.025	0.997	4000.0
442	0.951	5.176	0.531	4.764	0.016	0.998	30000.0
443	1.338	6.962	0.78	6.235	0.049	0.994	3000.0
444	1.145	6.491	0.716	6.537	0.031	0.998	20000.0
445	1.395	7.859	0.733	6.21	0.021	0.997	2000.0
446	1.058	6.134	0.64	5.711	0.02	0.997	2000.0
447	0.826	4.544	0.505	4.512	0.017	0.998	2000.0
448	1.503	8.732	0.85	7.632	0.017	0.997	6000.0
449	1.103	6.304	0.663	5.936	0.014	0.997	4000.0
450	0.881	5.088	0.493	4.419	0.013	0.998	2000.0
451	1.14	6.418	0.618	5.88	0.015	0.997	8000.0
452	1.147	6.551	0.591	5.589	0.024	0.997	3000.0
453	1.399	7.828	0.732	6.397	0.032	0.996	2000.0
454	0.758	4.376	0.443	4.184	0.011	0.999	5000.0
455	1.429	7.878	0.832	7.008	0.015	0.997	3000.0
456	1.376	7.595	0.804	7.907	0.029	0.994	4000.0
457	1.567	8.796	0.79	7.262	0.02	0.997	3000.0
458	1.019	5.826	0.618	5.547	0.009	0.998	5000.0
459	1.218	7.076	0.594	5.468	0.018	0.998	19000.0
460	1.04	6.011	0.578	4.974	0.014	0.998	6000.0
461	0.967	5.418	0.534	4.488	0.023	0.999	3000.0
462	1.633	9.808	0.905	7.982	0.043	0.994	5000.0
463	1.334	7.417	0.668	5.92	0.022	0.998	28000.0
464	0.989	5.479	0.576	5.383	0.015	0.997	4000.0
465	0.956	5.365	0.523	4.907	0.028	0.997	12000.0
466	1.235	6.954	0.651	6.325	0.015	0.996	29000.0
467	1.183	6.724	0.631	5.15	0.021	0.998	5000.0
468	1.041	5.87	0.619	6.012	0.021	0.996	4000.0
469	1.183	6.475	0.735	6.525	0.015	0.997	3000.0
470	1.548	8.336	0.798	7.532	0.029	0.996	3000.0
471	0.881	4.891	0.562	4.885	0.03	0.997	3000.0
472	1.503	8.694	0.909	8.724	0.038	0.994	2000.0
473	1.216	7.003	0.688	5.963	0.017	0.998	35000.0
474	1.011	5.847	0.555	5.127	0.012	0.998	5000.0
475	1.621	9.072	0.839	7.629	0.018	0.996	3000.0
476	1.238	6.853	0.67	6.562	0.028	0.997	2000.0
477	1.01	5.854	0.568	5.115	0.024	0.998	4000.0
478	0.777	4.367	0.461	4.226	0.012	0.999	9000.0
479	0.707	4.016	0.445	4.174	0.012	0.999	3000.0
480	1.292	7.441	0.734	6.504	0.019	0.998	4000.0
481	1.573	9.424	0.844	8.713	0.036	0.992	4000.0
482	1.864	10.476	0.877	8.143	0.033	0.996	5000.0
483	1.23	6.836	0.638	5.583	0.019	0.998	4000.0
484	1.14	6.542	0.604	5.578	0.027	0.998	5000.0
485	0.939	5.235	0.536	4.912	0.018	0.998	18000.0
486	1.764	10.244	1.042	9.599	0.032	0.991	2000.0
487	0.915	5.086	0.603	5.557	0.029	0.996	4000.0
488	1.351	7.675	0.743	6.446	0.019	0.997	6000.0
489	1.585	9.053	0.909	8.747	0.021	0.996	13000.0
490	1.06	5.939	0.614	5.637	0.029	0.998	5000.0
491	1.352	7.862	0.794	7.5	0.018	0.996	4000.0
492	1.485	8.554	0.798	7.45	0.027	0.996	6000.0
493	0.799	4.466	0.464	4.298	0.017	0.998	6000.0
494	0.816	4.758	0.493	4.628	0.016	0.998	6000.0
495	1.177	6.615	0.669	5.92	0.021	0.998	49000.0
496	1.456	8.276	0.8	7.506	0.026	0.997	3000.0
497	1.184	6.551	0.635	5.827	0.021	0.997	14000.0
498	1.527	8.586	0.787	7.568	0.025	0.996	17000.0
499	0.712	3.944	0.422	3.675	0.019	0.999	45000.0
500	1.19	6.705	0.708	6.222	0.013	0.998	6000.0
