MutationType	CNV48A	CNV48B	CNV48C	CNV48D	CNV48E	CNV48F	CNV48G	CNV48H	CNV48I
0:homdel:0-100kb	2.06E-08	2.55E-08	2.33E-08	2.58E-08	2.92E-08	3.08E-08	5.43E-08	3.64E-08	2.92E-08
0:homdel:100kb-1Mb	2.06E-08	2.55E-08	2.33E-08	2.58E-08	2.92E-08	3.08E-08	5.43E-08	3.64E-08	2.92E-08
0:homdel:>1Mb	2.06E-08	2.55E-08	2.33E-08	2.58E-08	2.92E-08	3.08E-08	5.43E-08	3.64E-08	2.92E-08
1:LOH:0-100kb	2.15E-03	9.73E-04	2.34E-03	1.84E-03	2.05E-03	2.64E-03	4.81E-03	3.64E-03	7.65E-03
1:LOH:100kb-1Mb	2.06E-08	2.55E-08	2.33E-08	2.58E-08	2.92E-08	3.08E-08	5.43E-08	3.64E-08	2.92E-08
1:LOH:1Mb-10Mb	3.50E-03	1.04E-03	2.60E-03	3.59E-03	8.29E-03	3.13E-03	3.11E-03	2.81E-03	3.00E-03
1:LOH:10Mb-40Mb	3.91E-03	5.68E-03	3.11E-03	8.34E-03	6.19E-03	6.18E-03	4.45E-03	6.73E-03	6.32E-03
1:LOH:>40Mb	4.24E-03	7.64E-03	6.22E-03	5.45E-03	3.53E-03	4.35E-03	4.66E-03	7.23E-03	4.25E-03
2:LOH:0-100kb	2.06E-08	2.55E-08	2.33E-08	2.58E-08	2.92E-08	3.08E-08	5.43E-08	3.63E-08	2.92E-08
2:LOH:100kb-1Mb	2.06E-08	2.55E-08	2.33E-08	2.58E-08	2.91E-08	3.08E-08	5.43E-08	3.64E-08	2.92E-08
2:LOH:1Mb-10Mb	2.06E-08	2.55E-08	2.33E-08	2.58E-08	2.92E-08	3.08E-08	5.43E-08	3.64E-08	2.92E-08
2:LOH:10Mb-40Mb	2.06E-08	2.55E-08	2.33E-08	2.58E-08	2.92E-08	3.08E-08	5.43E-08	3.64E-08	2.92E-08
2:LOH:>40Mb	2.06E-08	2.55E-08	2.33E-08	2.58E-08	2.91E-08	3.08E-08	5.43E-08	3.64E-08	2.92E-08
3-4:LOH:0-100kb	2.06E-08	2.55E-08	2.33E-08	2.58E-08	2.92E-08	3.08E-08	5.43E-08	3.64E-08	2.92E-08
3-4:LOH:100kb-1Mb	2.06E-08	2.55E-08	2.33E-08	2.58E-08	2.92E-08	3.08E-08	5.43E-08	3.64E-08	2.93E-08
3-4:LOH:1Mb-10Mb	2.06E-08	2.55E-08	2.33E-08	2.58E-08	2.92E-08	3.08E-08	5.43E-08	3.64E-08	2.92E-08
3-4:LOH:10Mb-40Mb	2.06E-08	2.55E-08	2.33E-08	2.58E-08	2.92E-08	3.08E-08	5.43E-08	3.64E-08	2.92E-08
3-4:LOH:>40Mb	2.06E-08	2.55E-08	2.33E-08	2.58E-08	2.92E-08	3.08E-08	5.43E-08	3.64E-08	2.92E-08
5-8:LOH:0-100kb	2.06E-08	2.55E-08	2.33E-08	2.58E-08	2.92E-08	3.08E-08	5.43E-08	3.64E-08	2.92E-08
5-8:LOH:100kb-1Mb	2.06E-08	2.55E-08	2.33E-08	2.58E-08	2.92E-08	3.08E-08	5.43E-08	3.64E-08	2.93E-08
5-8:LOH:1Mb-10Mb	2.06E-08	2.55E-08	2.33E-08	2.58E-08	2.92E-08	3.08E-08	5.43E-08	3.64E-08	2.92E-08
5-8:LOH:10Mb-40Mb	2.06E-08	2.55E-08	2.33E-08	2.58E-08	2.91E-08	3.08E-08	5.43E-08	3.64E-08	2.92E-08
5-8:LOH:>40Mb	2.06E-08	2.55E-08	2.33E-08	2.58E-08	2.91E-08	3.08E-08	5.43E-08	3.64E-08	2.92E-08
9+:LOH:0-100kb	2.06E-08	2.55E-08	2.33E-08	2.58E-08	2.92E-08	3.08E-08	5.43E-08	3.64E-08	2.92E-08
9+:LOH:100kb-1Mb	2.06E-08	2.55E-08	2.33E-08	2.58E-08	2.92E-08	3.08E-08	5.43E-08	3.64E-08	2.92E-08
9+:LOH:1Mb-10Mb	2.06E-08	2.55E-08	2.33E-08	2.58E-08	2.92E-08	3.08E-08	5.43E-08	3.64E-08	2.92E-08
9+:LOH:10Mb-40Mb	2.06E-08	2.55E-08	2.33E-08	2.58E-08	2.92E-08	3.08E-08	5.43E-08	3.64E-08	2.93E-08
9+:LOH:>40Mb	2.06E-08	2.55E-08	2.33E-08	2.58E-08	2.92E-08	3.08E-08	5.43E-08	3.64E-08	2.93E-08
2:het:0-100kb	1.29E-04	3.39E-04	1.48E-04	1.28E-03	1.49E-03	1.27E-07	3.88E-04	1.53E-03	9.50E-04
2:het:100kb-1Mb	2.06E-08	2.55E-08	2.33E-08	2.58E-08	2.91E-08	3.08E-08	5.43E-08	3.64E-08	2.92E-08
2:het:1Mb-10Mb	2.88E-03	2.55E-03	3.74E-03	2.54E-03	1.53E-03	6.12E-03	3.57E-03	3.52E-03	4.28E-03
2:het:10Mb-40Mb	2.36E-03	2.48E-03	2.39E-03	3.32E-03	2.76E-03	3.17E-03	8.35E-03	4.48E-03	4.73E-03
2:het:>40Mb	3.04E-03	3.25E-03	4.45E-03	3.45E-03	5.00E-03	3.92E-03	4.25E-03	9.32E-03	3.70E-03
3-4:het:0-100kb	3.41E-03	2.18E-03	3.47E-03	3.62E-03	1.93E-03	4.98E-03	3.54E-03	3.30E-03	4.28E-03
3-4:het:100kb-1Mb	2.06E-08	2.55E-08	2.33E-08	2.58E-08	2.92E-08	3.08E-08	5.43E-08	3.64E-08	2.92E-08
3-4:het:1Mb-10Mb	3.31E-03	2.86E-03	2.42E-03	3.95E-03	2.88E-03	3.44E-03	5.88E-03	7.72E-03	4.20E-03
3-4:het:10Mb-40Mb	3.97E-03	5.05E-03	6.15E-03	4.26E-03	4.89E-03	7.85E-03	4.21E-03	4.73E-03	4.46E-03
3-4:het:>40Mb	6.77E-03	6.33E-03	7.10E-03	5.13E-03	7.59E-03	4.18E-03	4.33E-03	5.39E-03	7.24E-03
5-8:het:0-100kb	2.06E-08	2.55E-08	2.33E-08	2.58E-08	2.92E-08	3.08E-08	5.43E-08	3.65E-08	2.93E-08
5-8:het:100kb-1Mb	2.06E-08	2.55E-08	2.33E-08	2.58E-08	2.92E-08	3.08E-08	5.43E-08	3.64E-08	2.92E-08
5-8:het:1Mb-10Mb	2.06E-08	2.55E-08	2.33E-08	2.58E-08	2.91E-08	3.08E-08	5.43E-08	3.64E-08	2.92E-08
5-8:het:10Mb-40Mb	2.06E-08	2.55E-08	2.33E-08	2.58E-08	2.92E-08	3.08E-08	5.43E-08	3.64E-08	2.92E-08
5-8:het:>40Mb	2.06E-08	2.55E-08	2.33E-08	2.58E-08	2.92E-08	3.08E-08	5.43E-08	3.64E-08	2.92E-08
9+:het:0-100kb	2.06E-08	2.55E-08	2.33E-08	2.58E-08	2.92E-08	3.08E-08	5.43E-08	3.64E-08	2.92E-08
9+:het:100kb-1Mb	2.06E-08	2.55E-08	2.33E-08	2.58E-08	2.92E-08	3.08E-08	5.43E-08	3.64E-08	2.92E-08
9+:het:1Mb-10Mb	2.06E-08	2.55E-08	2.33E-08	2.58E-08	2.92E-08	3.08E-08	5.43E-08	3.64E-08	2.93E-08
9+:het:10Mb-40Mb	2.06E-08	2.55E-08	2.33E-08	2.58E-08	2.91E-08	3.08E-08	5.43E-08	3.64E-08	2.92E-08
9+:het:>40Mb	2.06E-08	2.55E-08	2.33E-08	2.58E-08	2.92E-08	3.08E-08	5.43E-08	3.64E-08	2.93E-08
