MutationType	CNV48A	CNV48B	CNV48C	CNV48D	CNV48E	CNV48F	CNV48G	CNV48H	CNV48I
0:homdel:0-100kb	3.376021113922434e-06	3.7028125896654276e-06	3.793008342995563e-06	3.480887273459596e-06	3.7517044703221676e-06	3.9713744761683545e-06	4.082304843173399e-06	4.023904988061266e-06	3.6667210621325818e-06
0:homdel:100kb-1Mb	3.376001968149467e-06	3.7027905996325217e-06	3.7929857969629664e-06	3.4808827774957985e-06	3.75171060788788e-06	3.971411137868031e-06	4.082306680866557e-06	4.023917874319827e-06	3.6667538491382853e-06
0:homdel:>1Mb	3.375997509692752e-06	3.7028069036217913e-06	3.7929719602516343e-06	3.48089032359246e-06	3.751675394472813e-06	3.971391354518683e-06	4.082286747244835e-06	4.023968619816493e-06	3.6667576242090107e-06
1:LOH:0-100kb	0.01978592695612493	0.0026199935987750883	0.01242252371884317	0.006144793356261028	0.01753869550346107	0.01511079168659552	0.07107007165861916	0.02502869840433157	0.13430243932288655
1:LOH:100kb-1Mb	3.376025172769914e-06	3.702816230664041e-06	3.7930351688828523e-06	3.480817618364985e-06	3.7517844417364443e-06	3.971349614456887e-06	4.082304634731249e-06	4.024165297378479e-06	3.666585460185943e-06
1:LOH:1Mb-10Mb	0.04845440609405716	0.004076333679306181	0.023803961440405193	0.03959690385019736	0.3574646699546538	0.035638903233691545	0.027914666328174385	0.025016075913206228	0.030524480235138433
1:LOH:10Mb-40Mb	0.050795392761195414	0.07917625037582961	0.029937615524738642	0.5047153297960758	0.11426251648225988	0.10868938671278462	0.07004990608492075	0.12870790069693697	0.12991472450521446
1:LOH:>40Mb	0.05565472406713765	0.5328385724276304	0.12281214693075233	0.07828023854912766	0.0449821526988091	0.04942603176815256	0.07633825281270168	0.16388921321215486	0.06590902683771657
2:LOH:0-100kb	3.376023433474984e-06	3.7028018516451765e-06	3.7930388741642674e-06	3.4809258099246766e-06	3.75165639797785e-06	3.971399209717175e-06	4.082283020874548e-06	4.02371167182089e-06	3.6667632708087646e-06
2:LOH:100kb-1Mb	3.3760110856064784e-06	3.702806021379956e-06	3.7929972280608128e-06	3.480927205545247e-06	3.75157375732441e-06	3.971361818194907e-06	4.0822603286962475e-06	4.023946294575864e-06	3.6668124982868367e-06
2:LOH:1Mb-10Mb	3.3759835989712884e-06	3.7027999322560844e-06	3.7930089010842492e-06	3.480893189571318e-06	3.7517295511662185e-06	3.971425578103718e-06	4.082276970174105e-06	4.023786441459287e-06	3.6668164928460253e-06
2:LOH:10Mb-40Mb	3.3759956960466296e-06	3.702805321651681e-06	3.793031057512053e-06	3.4808550095435573e-06	3.7517928474571943e-06	3.971420209223253e-06	4.082290809957177e-06	4.0238506532275505e-06	3.666712667064945e-06
2:LOH:>40Mb	3.3760076559019582e-06	3.7028089028936505e-06	3.7929527993583177e-06	3.4809691656047956e-06	3.751486792027114e-06	3.971355663045295e-06	4.082252332189702e-06	4.023928428027956e-06	3.6668855557331805e-06
3-4:LOH:0-100kb	3.3759977141016862e-06	3.7028037903681365e-06	3.7930198990352436e-06	3.4808809040943783e-06	3.7517238389747688e-06	3.9714036070561675e-06	4.0822795719005125e-06	4.023874109227332e-06	3.666757244290395e-06
3-4:LOH:100kb-1Mb	3.375981870817668e-06	3.7027867083061495e-06	3.7929837113779286e-06	3.480950359080956e-06	3.7516181522884804e-06	3.9714396288719204e-06	4.082265389239611e-06	4.023679604078012e-06	3.666928011687564e-06
3-4:LOH:1Mb-10Mb	3.3760069729851237e-06	3.7027911800251443e-06	3.7930233339693587e-06	3.4809005686979208e-06	3.751669994376498e-06	3.971401034310929e-06	4.082277488474262e-06	4.023859150323273e-06	3.6667851262805613e-06
3-4:LOH:10Mb-40Mb	3.3759756303197717e-06	3.7028082523207216e-06	3.793082670313197e-06	3.4808193360422517e-06	3.751902873287554e-06	3.971441979530588e-06	4.082270059722405e-06	4.0237877350824404e-06	3.666701207625098e-06
3-4:LOH:>40Mb	3.375997716943857e-06	3.702810527151712e-06	3.792988148575205e-06	3.4808883486433534e-06	3.7517113357600327e-06	3.971391219422582e-06	4.082292775091937e-06	4.023902732030849e-06	3.666778425846939e-06
5-8:LOH:0-100kb	3.3760053385094577e-06	3.7027898334187627e-06	3.7930302286213193e-06	3.480883791547169e-06	3.7517320273471974e-06	3.971417792550169e-06	4.082293962606705e-06	4.02381010649086e-06	3.6667666905247948e-06
5-8:LOH:100kb-1Mb	3.3759767131869013e-06	3.702792109763209e-06	3.7930109433546022e-06	3.480892021123572e-06	3.7517313850414447e-06	3.971438143958173e-06	4.082272994205913e-06	4.0237777618836735e-06	3.6668365318901213e-06
5-8:LOH:1Mb-10Mb	3.3759974667191274e-06	3.7027964919147393e-06	3.7930226537810087e-06	3.4808884417109638e-06	3.7517092856188454e-06	3.971404591670335e-06	4.082277219603295e-06	4.023855063930715e-06	3.666794331318962e-06
5-8:LOH:10Mb-40Mb	3.3760307029524485e-06	3.702807699426103e-06	3.7929296765923935e-06	3.481036545830888e-06	3.7512786337473087e-06	3.971305702643813e-06	4.082224322652853e-06	4.024004346885768e-06	3.666928365800635e-06
5-8:LOH:>40Mb	3.376017346795379e-06	3.7028106174119555e-06	3.7929580369109316e-06	3.4809552916104447e-06	3.7515319283878257e-06	3.971355061930471e-06	4.082275085418628e-06	4.023920530563219e-06	3.666836283126437e-06
9+:LOH:0-100kb	3.3759948865963453e-06	3.7028168077739565e-06	3.793033465854023e-06	3.4808513506911204e-06	3.751788862239816e-06	3.971395459804738e-06	4.0822796045187806e-06	4.023915058719629e-06	3.6667100120152037e-06
9+:LOH:100kb-1Mb	3.3759936465003195e-06	3.7028047323488524e-06	3.793050700664935e-06	3.4808411511246723e-06	3.751819497371624e-06	3.971415392257316e-06	4.082283442706355e-06	4.023875950069061e-06	3.666704655714356e-06
9+:LOH:1Mb-10Mb	3.375985895559097e-06	3.702809840682164e-06	3.7930388641598257e-06	3.4808293910514803e-06	3.751882199265915e-06	3.9714299442739076e-06	4.082304280141678e-06	4.0238256092999805e-06	3.666710886477825e-06
9+:LOH:10Mb-40Mb	3.3759542646976113e-06	3.7028052540932775e-06	3.793033570673288e-06	3.4808357893631153e-06	3.7519167345050904e-06	3.971474274988895e-06	4.082287111950928e-06	4.023688929633812e-06	3.6667985092174124e-06
9+:LOH:>40Mb	3.3759737087848407e-06	3.7028105761933715e-06	3.792996983861485e-06	3.4808953649790093e-06	3.7517558845479616e-06	3.97143429940916e-06	4.082276460966617e-06	4.023720466726944e-06	3.6668401233412308e-06
2:het:0-100kb	0.0001798424312187759	0.0010132176120935482	0.00015112131320837167	0.012613433425255312	0.011151147839485925	2.936024367889896e-06	0.0009498919719579759	0.013898366405615325	0.004125654699283105
2:het:100kb-1Mb	3.376001209289825e-06	3.7027979792654266e-06	3.793003535633943e-06	3.480929570926135e-06	3.7515950302455093e-06	3.971388323791069e-06	4.082255990863157e-06	4.023868608683034e-06	3.6668301831421187e-06
2:het:1Mb-10Mb	0.020593215914616957	0.024469083677218437	0.03888160549541106	0.01920200120952622	0.0035077684896763555	0.0944308597453598	0.026423454388864086	0.017860625095251024	0.0447314508884189
2:het:10Mb-40Mb	0.02577298159624174	0.02883124953394711	0.027515397626615763	0.04691445409451411	0.034274024534892984	0.03854557150635299	0.3951818716360867	0.06678506318115902	0.08109388382252081
2:het:>40Mb	0.037762943430177005	0.04212424160818588	0.07703707296770852	0.04770122271199501	0.10220462453737947	0.04654314476030865	0.07468898228022787	0.2586517025739986	0.056163608235894516
3-4:het:0-100kb	0.03970014278150952	0.01901476563318745	0.030583486313441727	0.03823400664201536	0.008918073811061057	0.06469491786372879	0.02444792515121407	0.018613741150029617	0.03604553744804606
3-4:het:100kb-1Mb	3.376001650053695e-06	3.7028142968082987e-06	3.793021672549912e-06	3.480895986953968e-06	3.7516735553858687e-06	3.971370292938925e-06	4.0822631258483076e-06	4.023921235847605e-06	3.6667874635977327e-06
3-4:het:1Mb-10Mb	0.029686580010823426	0.027170365109109255	0.019322325552483584	0.04905582805334278	0.016713239961549477	0.03305100770911867	0.09485556924730662	0.11298108324491682	0.043986771408932555
3-4:het:10Mb-40Mb	0.07214836238531294	0.08867698679223457	0.2971221779682217	0.06416151408369761	0.07733041142186169	0.44148366332799194	0.06803002343018677	0.07463258392397873	0.08542864539212881
3-4:het:>40Mb	0.5993439385592938	0.14985567211579268	0.32027403073359095	0.09325495925945226	0.2115176187903941	0.07223981703247094	0.06990243310228862	0.09379007074773953	0.2876417899429906
5-8:het:0-100kb	3.3759211700044034e-06	3.7028048058758146e-06	3.7929855551510626e-06	3.480947755468097e-06	3.7517373444345046e-06	3.971501693437851e-06	4.082232036533044e-06	4.023409613679418e-06	3.6670485956256477e-06
5-8:het:100kb-1Mb	3.3760028785536635e-06	3.702808983540251e-06	3.793013501194764e-06	3.4808979790206096e-06	3.751704544168766e-06	3.971391195764729e-06	4.0822843544182865e-06	4.023832736333e-06	3.6667903779802466e-06
5-8:het:1Mb-10Mb	3.3759890344526868e-06	3.7028294019592065e-06	3.7929953120965366e-06	3.4808840654292743e-06	3.751702771144545e-06	3.9713811527818385e-06	4.082259232358715e-06	4.0239361406595455e-06	3.666753273411447e-06
5-8:het:10Mb-40Mb	3.3759960955421776e-06	3.702796308004963e-06	3.7930237670025236e-06	3.480877124402606e-06	3.7517454795751188e-06	3.971410757793059e-06	4.082289111814469e-06	4.02385034299857e-06	3.6667790166807065e-06
5-8:het:>40Mb	3.375981421754659e-06	3.702812688949564e-06	3.793010554545617e-06	3.480895985767272e-06	3.7517109121487904e-06	3.971405729085054e-06	4.0822585465439265e-06	4.023823374865537e-06	3.6668189926451753e-06
9+:het:0-100kb	3.375992972337372e-06	3.70279668354101e-06	3.7930204742906427e-06	3.4808907119803977e-06	3.751677669620015e-06	3.971396696947349e-06	4.082260679646584e-06	4.023920014494808e-06	3.6667938219502025e-06
9+:het:100kb-1Mb	3.3759913009134833e-06	3.702811513612403e-06	3.7929533187934795e-06	3.4808825929359726e-06	3.751745069405363e-06	3.971408344239813e-06	4.082317133689212e-06	4.023891274499147e-06	3.666770321466596e-06
9+:het:1Mb-10Mb	3.3759929536927303e-06	3.7027771159365843e-06	3.7929909038894037e-06	3.4809231660190277e-06	3.7516216688853633e-06	3.9714254305471815e-06	4.082272400305458e-06	4.02383120198993e-06	3.6668491754988558e-06
9+:het:10Mb-40Mb	3.3760080008278237e-06	3.702809107721805e-06	3.7930197113382744e-06	3.4809004774353384e-06	3.7516292143787085e-06	3.9713661932104795e-06	4.082252411374056e-06	4.023973084704924e-06	3.6667592654361365e-06
9+:het:>40Mb	3.375967659053458e-06	3.7027915117704423e-06	3.7929832625422934e-06	3.480953570791193e-06	3.751668180410974e-06	3.9714535471899185e-06	4.082270372020689e-06	4.023560102832446e-06	3.6669889173952905e-06
