MutationType	CNV48A	CNV48B	CNV48C	CNV48D	CNV48E
0:homdel:0-100kb	3.6229762458788174e-06	3.750880456664163e-06	3.6471519497354165e-06	3.751527543499833e-06	3.942375130463916e-06
0:homdel:100kb-1Mb	3.6229762458788174e-06	3.750880456664163e-06	3.6471519497354165e-06	3.751527543499833e-06	3.942375130463916e-06
0:homdel:>1Mb	3.6229762458788174e-06	3.750880456664163e-06	3.6471519497354165e-06	3.751527543499833e-06	3.942375130463916e-06
1:LOH:0-100kb	0.03496180502461718	0.0041026787664393514	0.005702410856539796	0.02260626677746098	0.0952339793258254
1:LOH:100kb-1Mb	3.6229762458788174e-06	3.750880456664163e-06	3.6471519497354165e-06	3.751527543499833e-06	3.942375130463916e-06
1:LOH:1Mb-10Mb	0.1245999873317721	0.008102348352560795	0.09966455848291056	0.052752069717779904	0.03910979132340897
1:LOH:10Mb-40Mb	0.05899195121954123	0.055901010769035635	0.3768854116351722	0.12758110371661938	0.08789596292416749
1:LOH:>40Mb	0.05415519569518512	0.3899687901735306	0.09356654421458308	0.055321849530355294	0.07949678595673168
2:LOH:0-100kb	3.6229762458788174e-06	3.750880456664163e-06	3.6471519497354165e-06	3.751527543499833e-06	3.942375130463916e-06
2:LOH:100kb-1Mb	3.6229762458788174e-06	3.750880456664163e-06	3.6471519497354165e-06	3.751527543499833e-06	3.942375130463916e-06
2:LOH:1Mb-10Mb	3.6229762458788174e-06	3.750880456664163e-06	3.6471519497354165e-06	3.751527543499833e-06	3.942375130463916e-06
2:LOH:10Mb-40Mb	3.6229762458788174e-06	3.750880456664163e-06	3.6471519497354165e-06	3.751527543499833e-06	3.942375130463916e-06
2:LOH:>40Mb	3.6229762458788174e-06	3.750880456664163e-06	3.6471519497354165e-06	3.751527543499833e-06	3.942375130463916e-06
3-4:LOH:0-100kb	3.6229762458788174e-06	3.750880456664163e-06	3.6471519497354165e-06	3.751527543499833e-06	3.942375130463916e-06
3-4:LOH:100kb-1Mb	3.6229762458788174e-06	3.750880456664163e-06	3.6471519497354165e-06	3.751527543499833e-06	3.942375130463916e-06
3-4:LOH:1Mb-10Mb	3.6229762458788174e-06	3.750880456664163e-06	3.6471519497354165e-06	3.751527543499833e-06	3.942375130463916e-06
3-4:LOH:10Mb-40Mb	3.6229762458788174e-06	3.750880456664163e-06	3.6471519497354165e-06	3.751527543499833e-06	3.942375130463916e-06
3-4:LOH:>40Mb	3.6229762458788174e-06	3.750880456664163e-06	3.6471519497354165e-06	3.751527543499833e-06	3.942375130463916e-06
5-8:LOH:0-100kb	3.6229762458788174e-06	3.750880456664163e-06	3.6471519497354165e-06	3.751527543499833e-06	3.942375130463916e-06
5-8:LOH:100kb-1Mb	3.6229762458788174e-06	3.750880456664163e-06	3.6471519497354165e-06	3.751527543499833e-06	3.942375130463916e-06
5-8:LOH:1Mb-10Mb	3.6229762458788174e-06	3.750880456664163e-06	3.6471519497354165e-06	3.751527543499833e-06	3.942375130463916e-06
5-8:LOH:10Mb-40Mb	3.6229762458788174e-06	3.750880456664163e-06	3.6471519497354165e-06	3.751527543499833e-06	3.942375130463916e-06
5-8:LOH:>40Mb	3.6229762458788174e-06	3.750880456664163e-06	3.6471519497354165e-06	3.751527543499833e-06	3.942375130463916e-06
9+:LOH:0-100kb	3.6229762458788174e-06	3.750880456664163e-06	3.6471519497354165e-06	3.751527543499833e-06	3.942375130463916e-06
9+:LOH:100kb-1Mb	3.6229762458788174e-06	3.750880456664163e-06	3.6471519497354165e-06	3.751527543499833e-06	3.942375130463916e-06
9+:LOH:1Mb-10Mb	3.6229762458788174e-06	3.750880456664163e-06	3.6471519497354165e-06	3.751527543499833e-06	3.942375130463916e-06
9+:LOH:10Mb-40Mb	3.6229762458788174e-06	3.750880456664163e-06	3.6471519497354165e-06	3.751527543499833e-06	3.942375130463916e-06
9+:LOH:>40Mb	3.6229762458788174e-06	3.750880456664163e-06	3.6471519497354165e-06	3.751527543499833e-06	3.942375130463916e-06
2:het:0-100kb	0.0013740858976167606	0.0016299496617471617	0.014689557153083514	0.0010612980527322732	0.0033408783482248338
2:het:100kb-1Mb	3.6229762458788174e-06	3.750880456664163e-06	3.6471519497354165e-06	3.751527543499833e-06	3.942375130463916e-06
2:het:1Mb-10Mb	0.012659072132885441	0.027980754494143046	0.017597709200407735	0.06657619352764925	0.024191958708653153
2:het:10Mb-40Mb	0.029597910919821026	0.0284931615408757	0.04958971898468742	0.03996686535679491	0.26354235398336245
2:het:>40Mb	0.07112640774919124	0.0727231322786696	0.10130668118597842	0.05643334656420554	0.09495431372271594
3-4:het:0-100kb	0.022376813214656788	0.0231111730110041	0.023622969710655514	0.050955457022901524	0.01923885411269084
3-4:het:100kb-1Mb	3.6229762458788174e-06	3.750880456664163e-06	3.6471519497354165e-06	3.751527543499833e-06	3.942375130463916e-06
3-4:het:1Mb-10Mb	0.018640675150137315	0.029535479009714892	0.048288336411590124	0.033453467678241464	0.09817495032131672
3-4:het:10Mb-40Mb	0.11202261669487813	0.14400929655281583	0.05652508802484499	0.30930814845697424	0.0850382370302461
3-4:het:>40Mb	0.4593630468118936	0.21430721545695133	0.11242970858638134	0.18384887996602658	0.10963999918766354
5-8:het:0-100kb	3.6229762458788174e-06	3.750880456664163e-06	3.6471519497354165e-06	3.751527543499833e-06	3.942375130463916e-06
5-8:het:100kb-1Mb	3.6229762458788174e-06	3.750880456664163e-06	3.6471519497354165e-06	3.751527543499833e-06	3.942375130463916e-06
5-8:het:1Mb-10Mb	3.6229762458788174e-06	3.750880456664163e-06	3.6471519497354165e-06	3.751527543499833e-06	3.942375130463916e-06
5-8:het:10Mb-40Mb	3.6229762458788174e-06	3.750880456664163e-06	3.6471519497354165e-06	3.751527543499833e-06	3.942375130463916e-06
5-8:het:>40Mb	3.6229762458788174e-06	3.750880456664163e-06	3.6471519497354165e-06	3.751527543499833e-06	3.942375130463916e-06
9+:het:0-100kb	3.6229762458788174e-06	3.750880456664163e-06	3.6471519497354165e-06	3.751527543499833e-06	3.942375130463916e-06
9+:het:100kb-1Mb	3.6229762458788174e-06	3.750880456664163e-06	3.6471519497354165e-06	3.751527543499833e-06	3.942375130463916e-06
9+:het:1Mb-10Mb	3.6229762458788174e-06	3.750880456664163e-06	3.6471519497354165e-06	3.751527543499833e-06	3.942375130463916e-06
9+:het:10Mb-40Mb	3.6229762458788174e-06	3.750880456664163e-06	3.6471519497354165e-06	3.751527543499833e-06	3.942375130463916e-06
9+:het:>40Mb	3.6229762458788174e-06	3.750880456664163e-06	3.6471519497354165e-06	3.751527543499833e-06	3.942375130463916e-06
