NMF_Replicate	L1	L1 %	L2	L2 %	KL Divergence	Correlation	Convergence Iterations
1	10.495	39.035	4.424	37.428	0.159	0.914	5000.0
2	10.445	38.968	4.261	36.024	0.146	0.922	2000.0
3	12.707	47.508	5.441	45.808	0.218	0.883	2000.0
4	12.065	44.911	5.266	41.313	0.195	0.896	2000.0
5	10.897	40.77	4.524	38.23	0.196	0.9	3000.0
6	13.17	49.07	5.188	44.775	0.194	0.877	2000.0
7	10.995	40.97	4.548	38.434	0.188	0.906	2000.0
8	11.127	41.703	4.381	37.667	0.191	0.913	3000.0
9	10.524	39.578	4.323	36.338	0.161	0.921	6000.0
10	12.039	44.718	4.909	40.803	0.221	0.894	2000.0
11	12.062	45.333	4.932	42.273	0.228	0.881	2000.0
12	11.251	42.236	4.448	37.747	0.183	0.911	4000.0
13	11.3	42.205	4.678	37.985	0.179	0.913	2000.0
14	11.648	43.636	4.714	40.726	0.192	0.891	4000.0
15	10.345	38.677	4.31	37.19	0.161	0.916	2000.0
16	11.158	41.733	4.693	37.957	0.16	0.921	3000.0
17	10.47	38.919	4.198	34.594	0.166	0.928	2000.0
18	11.501	42.915	4.643	39.182	0.204	0.905	3000.0
19	11.863	44.208	4.887	39.466	0.192	0.901	4000.0
20	10.896	40.627	4.757	39.354	0.17	0.897	2000.0
21	11.087	41.064	4.584	38.639	0.175	0.911	2000.0
22	10.98	41.123	4.745	40.493	0.196	0.894	5000.0
23	10.456	38.971	4.414	37.176	0.179	0.916	5000.0
24	11.948	44.552	5.065	41.778	0.185	0.894	2000.0
25	11.527	43.255	4.453	38.106	0.201	0.908	2000.0
26	10.242	38.027	4.062	34.045	0.161	0.935	2000.0
27	11.471	42.852	4.595	38.726	0.18	0.908	3000.0
28	11.722	44.022	4.951	41.269	0.201	0.896	3000.0
29	12.005	45.113	5.217	42.65	0.204	0.892	2000.0
30	11.499	42.787	5.09	42.973	0.175	0.888	4000.0
31	10.246	38.539	4.197	35.869	0.166	0.923	4000.0
32	11.319	42.044	4.601	40.313	0.169	0.902	2000.0
33	12.737	47.638	5.4	42.964	0.213	0.891	4000.0
34	12.1	44.903	5.204	42.708	0.183	0.884	2000.0
35	11.737	44.04	4.857	42.154	0.182	0.882	4000.0
36	12.217	45.726	4.997	40.941	0.211	0.892	3000.0
37	11.049	41.087	5.048	40.227	0.17	0.894	3000.0
38	12.365	46.192	5.007	43.753	0.204	0.882	3000.0
39	10.886	40.386	4.644	38.151	0.171	0.914	3000.0
40	9.908	37.201	4.101	35.166	0.169	0.921	4000.0
41	10.662	40.004	4.259	36.38	0.18	0.913	3000.0
42	13.041	48.389	5.534	46.515	0.227	0.873	2000.0
43	12.689	47.643	5.531	44.8	0.206	0.884	2000.0
44	9.995	37.542	4.072	34.794	0.166	0.932	3000.0
45	11.627	43.231	4.779	41.091	0.171	0.898	3000.0
46	10.029	37.467	4.22	34.636	0.158	0.928	2000.0
47	10.89	40.671	4.454	38.782	0.174	0.91	2000.0
48	11.145	41.507	4.75	39.383	0.179	0.9	4000.0
49	8.869	33.098	3.463	30.488	0.136	0.938	6000.0
50	10.561	39.282	4.339	36.424	0.148	0.921	3000.0
51	13.34	50.245	5.578	42.96	0.264	0.876	3000.0
52	10.205	38.081	4.376	37.332	0.179	0.908	2000.0
53	10.652	39.693	4.199	34.31	0.163	0.93	4000.0
54	13.786	51.462	5.733	46.553	0.222	0.875	2000.0
55	11.834	44.25	4.966	40.654	0.184	0.904	3000.0
56	10.857	40.167	4.474	37.512	0.169	0.909	2000.0
57	11.077	41.062	4.687	39.597	0.178	0.904	2000.0
58	10.144	37.896	3.866	34.038	0.176	0.928	2000.0
59	10.521	39.324	4.314	35.556	0.199	0.92	4000.0
60	12.234	45.637	5.113	42.33	0.212	0.893	2000.0
61	8.56	32.168	3.324	28.978	0.143	0.938	5000.0
62	12.207	45.634	5.36	43.797	0.205	0.877	3000.0
63	9.548	35.846	3.897	33.207	0.18	0.918	2000.0
64	11.501	43.181	4.958	42.339	0.182	0.886	3000.0
65	11.179	42.027	4.35	38.158	0.177	0.91	2000.0
66	12.275	45.486	5.239	42.204	0.199	0.888	3000.0
67	12.318	45.678	5.145	40.709	0.208	0.891	2000.0
68	11.88	44.648	5.046	42.243	0.206	0.897	2000.0
69	9.625	35.986	3.728	33.39	0.145	0.934	3000.0
70	10.522	39.34	4.321	35.552	0.174	0.928	3000.0
71	10.006	37.591	4.169	35.824	0.158	0.911	2000.0
72	12.023	44.921	5.263	42.522	0.212	0.887	2000.0
73	13.097	49.1	5.063	43.648	0.251	0.875	3000.0
74	12.234	46.084	4.938	40.857	0.212	0.898	3000.0
75	10.354	38.799	4.15	36.522	0.165	0.923	3000.0
76	11.014	41.181	4.644	40.17	0.181	0.896	2000.0
77	11.421	42.677	4.695	38.051	0.185	0.913	3000.0
78	12.076	45.079	5.132	40.344	0.195	0.9	3000.0
79	9.2	34.345	3.819	32.066	0.138	0.936	3000.0
80	11.27	42.094	4.488	37.341	0.189	0.914	3000.0
81	10.554	39.514	4.426	37.304	0.184	0.92	2000.0
82	11.507	43.203	4.486	38.398	0.177	0.911	2000.0
83	12.708	47.235	5.454	43.932	0.192	0.882	3000.0
84	11.215	41.731	4.651	39.616	0.162	0.907	2000.0
85	12.282	45.794	4.776	40.678	0.194	0.895	2000.0
86	9.643	36.205	3.942	34.243	0.139	0.919	2000.0
87	11.697	43.752	4.998	40.703	0.198	0.892	4000.0
88	11.191	42.057	4.387	37.691	0.18	0.917	3000.0
89	10.26	38.181	4.379	37.855	0.155	0.913	3000.0
90	11.158	41.615	4.563	36.822	0.179	0.916	3000.0
91	11.31	42.317	4.823	40.622	0.19	0.896	4000.0
92	9.273	34.635	3.809	34.517	0.13	0.926	7000.0
93	10.713	40.22	4.582	36.154	0.198	0.922	2000.0
94	12.655	47.374	5.552	46.342	0.21	0.874	2000.0
95	12.347	46.106	5.059	43.008	0.211	0.887	2000.0
96	10.045	37.627	4.086	34.691	0.156	0.926	3000.0
97	12.338	46.219	5.047	40.813	0.214	0.896	3000.0
98	10.883	40.613	4.438	37.074	0.184	0.92	2000.0
99	11.524	43.053	4.633	39.656	0.189	0.907	3000.0
100	10.93	40.854	4.394	37.733	0.168	0.919	2000.0
101	11.677	43.607	4.797	40.434	0.212	0.893	3000.0
102	9.149	34.358	3.664	31.12	0.139	0.942	4000.0
103	10.198	37.838	4.113	34.416	0.149	0.928	3000.0
104	10.652	39.759	4.607	36.263	0.164	0.92	4000.0
105	9.984	37.033	3.959	32.853	0.157	0.935	4000.0
106	11.245	42.012	4.59	37.233	0.178	0.918	3000.0
107	12.084	45.333	5.074	42.882	0.225	0.885	4000.0
108	10.877	40.844	4.289	36.646	0.168	0.918	2000.0
109	11.92	44.453	4.75	40.182	0.21	0.907	3000.0
110	9.466	35.324	3.785	31.529	0.146	0.934	2000.0
111	9.691	36.063	3.794	33.746	0.155	0.923	3000.0
112	10.095	37.648	4.089	33.803	0.148	0.931	2000.0
113	10.173	37.784	4.101	34.66	0.145	0.928	2000.0
114	12.357	45.965	5.352	44.496	0.205	0.872	2000.0
115	11.117	41.539	4.63	38.494	0.174	0.907	4000.0
116	10.196	38.122	4.018	32.306	0.159	0.937	2000.0
117	12.669	47.433	5.08	42.84	0.222	0.89	4000.0
118	12.379	46.007	5.162	43.34	0.201	0.887	2000.0
119	10.821	40.355	4.58	39.404	0.164	0.9	2000.0
120	10.697	39.944	4.318	35.89	0.168	0.923	2000.0
121	10.259	38.351	4.21	35.869	0.158	0.927	5000.0
122	9.679	36.202	4.058	34.904	0.16	0.926	3000.0
123	9.102	34.072	3.732	31.63	0.141	0.935	2000.0
124	12.215	45.731	4.934	42.821	0.208	0.891	2000.0
125	9.755	36.496	4.023	33.362	0.145	0.938	4000.0
126	10.328	38.72	4.24	35.234	0.165	0.919	4000.0
127	9.884	36.986	4.243	35.854	0.142	0.925	3000.0
128	13.514	50.335	5.656	47.181	0.241	0.87	3000.0
129	11.962	44.397	5.235	40.426	0.183	0.906	5000.0
130	12.725	47.574	5.35	45.214	0.21	0.87	2000.0
131	13.609	50.913	5.659	46.222	0.231	0.873	4000.0
132	12.437	46.485	4.984	39.95	0.227	0.903	4000.0
133	11.717	43.596	4.943	40.868	0.192	0.894	2000.0
134	11.099	41.484	4.485	37.251	0.167	0.915	2000.0
135	10.72	40.109	4.242	35.945	0.178	0.919	2000.0
136	12.383	46.202	5.154	41.542	0.21	0.893	2000.0
137	10.857	40.713	4.636	37.958	0.175	0.907	3000.0
138	9.52	35.422	4.109	35.206	0.162	0.919	2000.0
139	12.353	46.228	4.774	41.336	0.215	0.89	2000.0
140	11.857	44.309	4.842	40.108	0.179	0.901	2000.0
141	12.313	46.202	4.895	42.52	0.209	0.883	3000.0
142	12.079	44.653	4.999	40.716	0.191	0.904	4000.0
143	11.494	42.983	4.837	39.816	0.201	0.895	2000.0
144	11.884	44.266	4.904	39.473	0.197	0.904	2000.0
145	10.064	37.652	3.838	32.853	0.151	0.934	3000.0
146	11.168	41.742	4.434	38.072	0.178	0.915	3000.0
147	13.165	48.934	5.154	41.359	0.242	0.893	3000.0
148	12.229	45.672	5.426	46.323	0.212	0.863	2000.0
149	10.324	38.628	4.143	34.923	0.164	0.927	5000.0
150	10.776	40.679	4.424	38.206	0.167	0.907	2000.0
151	9.426	35.427	3.937	35.06	0.142	0.927	3000.0
152	12.281	46.13	4.996	42.644	0.205	0.889	3000.0
153	12.406	46.33	5.07	41.596	0.197	0.9	2000.0
154	11.063	41.538	4.459	39.307	0.179	0.904	2000.0
155	12.546	46.799	5.137	41.886	0.195	0.9	3000.0
156	10.511	39.204	4.542	39.848	0.152	0.908	3000.0
157	10.514	39.386	4.375	37.67	0.17	0.917	2000.0
158	11.458	42.683	4.574	38.937	0.182	0.911	2000.0
159	12.474	46.432	5.188	42.644	0.219	0.886	4000.0
160	12.137	45.293	5.019	41.279	0.208	0.9	2000.0
161	11.171	41.859	4.543	38.309	0.173	0.908	3000.0
162	11.765	43.786	5.138	43.443	0.193	0.884	2000.0
163	9.783	36.498	3.884	34.553	0.147	0.924	3000.0
164	12.003	44.647	5.005	41.423	0.181	0.892	2000.0
165	12.091	45.129	4.881	43.011	0.204	0.883	2000.0
166	9.025	33.815	3.678	33.068	0.148	0.928	4000.0
167	9.072	33.756	3.846	32.101	0.141	0.936	3000.0
168	9.764	35.995	3.851	33.441	0.136	0.926	5000.0
169	10.066	37.464	4.163	35.248	0.164	0.917	2000.0
170	11.035	41.197	4.586	37.596	0.159	0.93	3000.0
171	11.024	41.338	4.252	37.896	0.163	0.916	3000.0
172	11.103	41.674	4.746	40.129	0.171	0.899	2000.0
173	12.402	46.505	5.074	41.826	0.206	0.898	2000.0
174	10.168	37.956	4.282	37.739	0.176	0.917	3000.0
175	11.959	44.695	4.985	42.842	0.176	0.892	2000.0
176	11.565	43.0	4.844	39.429	0.199	0.906	2000.0
177	11.492	42.941	4.511	37.979	0.194	0.907	4000.0
178	12.51	46.749	5.335	44.229	0.212	0.883	3000.0
179	9.589	35.982	3.879	32.791	0.157	0.934	3000.0
180	10.587	39.58	4.466	39.981	0.155	0.907	3000.0
181	9.912	36.912	4.134	35.519	0.131	0.929	2000.0
182	12.238	45.642	4.941	42.147	0.191	0.884	3000.0
183	12.09	45.388	4.682	40.679	0.226	0.889	4000.0
184	11.891	44.464	5.205	42.403	0.186	0.901	4000.0
185	11.538	42.916	4.696	39.648	0.176	0.908	4000.0
186	11.856	44.326	4.745	39.215	0.184	0.913	2000.0
187	12.109	45.446	5.162	42.32	0.216	0.884	3000.0
188	12.192	45.546	4.983	41.203	0.208	0.894	3000.0
189	11.947	44.749	4.956	42.088	0.189	0.887	3000.0
190	11.6	43.451	4.752	40.618	0.187	0.901	3000.0
191	10.509	39.171	3.97	33.448	0.174	0.936	2000.0
192	10.552	39.459	4.662	36.992	0.186	0.914	2000.0
193	10.958	40.929	4.681	39.531	0.175	0.9	3000.0
194	11.642	43.236	4.827	39.506	0.182	0.908	2000.0
195	11.849	44.213	4.893	41.137	0.185	0.901	2000.0
196	9.866	37.12	4.036	34.583	0.16	0.915	3000.0
197	10.304	38.392	4.193	35.042	0.172	0.923	3000.0
198	11.054	41.31	4.684	39.143	0.182	0.912	2000.0
199	12.067	45.332	4.888	40.617	0.202	0.902	4000.0
200	11.278	42.368	4.647	40.665	0.188	0.896	2000.0
201	9.094	34.148	3.66	31.253	0.138	0.935	3000.0
202	11.204	41.951	4.363	36.923	0.192	0.924	2000.0
203	10.419	39.02	4.441	39.069	0.184	0.9	2000.0
204	10.843	40.434	4.71	38.245	0.17	0.915	2000.0
205	8.965	33.297	3.715	32.374	0.13	0.933	2000.0
206	11.256	42.172	4.519	40.407	0.176	0.895	2000.0
207	10.446	39.128	4.208	36.612	0.156	0.915	2000.0
208	11.319	42.428	4.743	39.841	0.187	0.898	3000.0
209	11.242	42.087	4.522	39.465	0.163	0.907	2000.0
210	9.652	36.082	3.969	34.073	0.152	0.929	3000.0
211	12.076	45.29	5.31	43.28	0.187	0.891	5000.0
212	10.19	38.2	4.174	35.889	0.163	0.916	3000.0
213	10.355	38.649	4.24	36.267	0.159	0.924	2000.0
214	10.947	40.793	4.438	37.13	0.184	0.919	2000.0
215	12.052	45.165	5.199	43.076	0.203	0.88	2000.0
216	9.686	36.244	3.79	33.372	0.152	0.926	3000.0
217	11.752	43.687	4.899	40.885	0.189	0.9	3000.0
218	12.368	46.263	4.905	42.306	0.224	0.889	2000.0
219	10.441	39.042	4.407	38.271	0.15	0.916	4000.0
220	12.056	45.109	5.033	42.389	0.196	0.896	6000.0
221	10.165	37.992	4.092	33.864	0.155	0.927	3000.0
222	11.88	44.282	5.086	42.204	0.175	0.89	2000.0
223	9.977	37.525	4.153	34.523	0.172	0.926	2000.0
224	10.968	41.181	4.419	37.652	0.178	0.914	2000.0
225	12.206	45.592	5.167	42.776	0.22	0.897	2000.0
226	12.652	47.296	5.328	43.406	0.203	0.887	4000.0
227	10.685	40.229	4.342	36.315	0.176	0.925	2000.0
228	13.183	49.145	5.198	43.746	0.227	0.88	2000.0
229	10.809	40.491	4.252	35.654	0.167	0.92	2000.0
230	12.566	47.259	5.021	44.134	0.22	0.871	3000.0
231	12.926	48.461	5.493	44.525	0.245	0.882	2000.0
232	10.54	39.486	4.517	39.245	0.165	0.911	3000.0
233	11.812	44.244	5.06	42.698	0.194	0.887	4000.0
234	11.25	41.884	4.957	41.802	0.158	0.893	2000.0
235	11.585	43.179	4.862	39.876	0.168	0.911	3000.0
236	11.395	42.429	4.735	40.94	0.175	0.904	3000.0
237	9.747	36.709	3.864	34.236	0.157	0.924	2000.0
238	12.109	45.28	4.917	40.827	0.201	0.898	3000.0
239	11.299	42.425	4.44	37.51	0.185	0.91	3000.0
240	10.488	39.017	4.409	34.93	0.153	0.928	2000.0
241	11.491	43.032	4.44	38.252	0.17	0.912	2000.0
242	12.685	47.58	5.418	45.406	0.203	0.869	5000.0
243	12.211	45.6	5.542	43.679	0.203	0.89	2000.0
244	12.86	47.942	5.37	43.0	0.2	0.893	2000.0
245	12.785	47.892	5.364	45.92	0.223	0.872	2000.0
246	12.305	46.18	5.062	44.295	0.21	0.877	3000.0
247	12.532	46.698	4.982	43.049	0.206	0.891	3000.0
248	10.692	40.094	4.495	35.872	0.176	0.925	4000.0
249	10.675	40.119	4.247	38.262	0.153	0.906	3000.0
250	12.026	44.834	5.273	43.397	0.194	0.9	2000.0
251	11.961	44.676	5.082	41.473	0.195	0.905	2000.0
252	10.731	39.867	4.545	37.691	0.156	0.913	3000.0
253	13.438	50.486	5.457	44.444	0.24	0.876	2000.0
254	12.289	45.911	5.624	44.036	0.217	0.876	3000.0
255	10.54	39.214	4.339	36.16	0.179	0.92	3000.0
256	10.479	39.107	4.173	35.62	0.156	0.92	2000.0
257	11.223	41.77	4.644	37.089	0.199	0.912	4000.0
258	12.038	45.263	5.237	43.831	0.21	0.876	2000.0
259	11.155	41.678	4.619	39.026	0.186	0.909	2000.0
260	10.135	37.978	4.246	36.909	0.157	0.909	2000.0
261	11.964	44.564	4.985	40.442	0.201	0.903	2000.0
262	9.016	33.412	3.444	28.492	0.157	0.949	2000.0
263	14.203	53.069	5.762	47.481	0.263	0.855	4000.0
264	10.709	39.897	4.282	35.708	0.163	0.922	3000.0
265	11.097	41.63	4.693	39.175	0.179	0.902	3000.0
266	10.331	38.743	4.248	36.153	0.158	0.915	2000.0
267	11.417	42.768	4.83	40.25	0.177	0.901	3000.0
268	10.691	40.025	4.362	38.389	0.174	0.909	3000.0
269	11.411	42.391	4.895	39.511	0.17	0.906	2000.0
270	14.435	53.876	5.811	48.032	0.276	0.855	2000.0
271	9.398	34.907	3.733	30.508	0.138	0.947	2000.0
272	11.463	42.875	4.608	39.059	0.173	0.893	2000.0
273	11.587	43.283	4.591	36.464	0.19	0.927	2000.0
274	10.535	39.401	4.119	34.741	0.17	0.923	3000.0
275	11.223	42.033	4.482	36.597	0.18	0.919	3000.0
276	11.373	42.497	4.771	40.044	0.196	0.892	3000.0
277	12.533	46.749	5.266	43.912	0.218	0.887	8000.0
278	11.278	42.218	4.664	38.263	0.185	0.911	2000.0
279	11.141	41.391	4.855	40.746	0.17	0.899	4000.0
280	11.008	41.114	4.293	37.24	0.18	0.913	3000.0
281	11.268	42.156	4.507	37.95	0.169	0.916	3000.0
282	10.566	39.865	4.243	35.365	0.17	0.923	2000.0
283	10.211	37.758	3.991	33.721	0.162	0.922	2000.0
284	12.718	47.392	5.709	46.314	0.205	0.88	3000.0
285	10.943	40.787	4.548	37.861	0.184	0.916	3000.0
286	11.606	43.207	5.038	40.892	0.185	0.899	3000.0
287	9.745	36.463	3.806	32.814	0.168	0.929	3000.0
288	10.836	40.376	4.466	38.387	0.167	0.906	3000.0
289	12.432	46.267	5.687	44.452	0.207	0.888	3000.0
290	12.401	46.254	4.888	41.424	0.224	0.892	3000.0
291	12.94	48.568	5.364	45.364	0.206	0.876	2000.0
292	10.535	39.56	4.316	36.583	0.186	0.91	6000.0
293	11.542	43.271	4.523	37.178	0.201	0.921	2000.0
294	9.947	37.491	3.596	31.814	0.164	0.937	3000.0
295	14.125	52.772	6.097	47.922	0.252	0.864	2000.0
296	10.665	40.066	4.226	37.268	0.179	0.899	4000.0
297	12.22	45.504	4.947	43.129	0.182	0.886	4000.0
298	10.961	40.753	4.493	37.59	0.192	0.906	3000.0
299	9.992	37.589	4.007	35.128	0.147	0.923	2000.0
300	11.29	42.207	4.479	37.514	0.191	0.909	4000.0
301	10.428	39.023	4.093	34.124	0.176	0.934	2000.0
302	9.539	35.524	3.695	32.161	0.159	0.932	3000.0
303	12.423	46.095	5.038	40.435	0.21	0.883	3000.0
304	12.11	45.416	5.198	43.689	0.202	0.876	2000.0
305	11.506	42.972	4.608	39.324	0.184	0.906	14000.0
306	10.19	38.337	4.269	36.566	0.15	0.913	3000.0
307	10.7	40.312	4.329	36.516	0.176	0.922	3000.0
308	11.96	44.421	4.915	41.476	0.196	0.891	3000.0
309	10.884	40.859	4.464	37.773	0.176	0.914	2000.0
310	12.747	47.419	5.187	42.215	0.213	0.889	2000.0
311	11.0	40.983	4.495	37.117	0.175	0.902	2000.0
312	10.526	39.242	4.208	33.753	0.169	0.941	3000.0
313	9.799	36.892	4.027	33.53	0.176	0.938	3000.0
314	10.416	39.021	4.309	36.384	0.176	0.927	2000.0
315	10.68	39.731	4.301	35.772	0.168	0.928	2000.0
316	10.583	39.528	4.207	34.855	0.166	0.924	2000.0
317	11.433	42.835	4.637	40.664	0.18	0.898	2000.0
318	11.821	44.177	5.066	41.8	0.196	0.895	2000.0
319	12.588	47.011	5.107	43.706	0.223	0.876	2000.0
320	12.978	48.399	5.596	44.486	0.215	0.883	3000.0
321	9.912	37.01	4.308	35.109	0.157	0.935	2000.0
322	11.749	43.699	4.882	41.233	0.206	0.898	3000.0
323	10.06	37.588	3.974	31.411	0.172	0.944	2000.0
324	12.031	44.845	4.772	40.671	0.202	0.893	7000.0
325	11.757	43.843	4.942	41.043	0.185	0.895	2000.0
326	11.392	42.714	4.936	41.03	0.18	0.898	2000.0
327	10.475	39.049	4.17	36.273	0.165	0.917	5000.0
328	11.915	44.545	4.857	41.663	0.192	0.891	2000.0
329	11.77	43.747	4.654	39.964	0.193	0.907	2000.0
330	10.542	39.302	4.206	37.12	0.179	0.92	2000.0
331	11.396	42.4	4.719	39.081	0.179	0.899	2000.0
332	9.526	35.679	3.837	31.668	0.152	0.941	2000.0
333	11.99	44.568	5.182	42.389	0.186	0.899	3000.0
334	10.425	38.77	4.36	36.234	0.143	0.926	2000.0
335	11.259	42.213	4.536	37.854	0.166	0.914	3000.0
336	10.179	38.019	4.32	36.652	0.154	0.918	2000.0
337	13.868	51.866	6.012	49.004	0.235	0.857	3000.0
338	11.375	42.566	4.974	38.019	0.221	0.909	3000.0
339	11.044	41.37	4.561	37.654	0.19	0.915	2000.0
340	12.059	44.806	4.755	40.304	0.188	0.908	4000.0
341	11.955	44.873	4.825	42.199	0.186	0.897	2000.0
342	10.821	40.736	4.17	36.914	0.168	0.915	2000.0
343	11.594	43.53	4.593	37.879	0.199	0.908	2000.0
344	11.465	42.884	4.801	39.298	0.183	0.914	3000.0
345	11.471	42.774	4.731	38.532	0.193	0.913	3000.0
346	12.269	45.803	5.275	41.523	0.213	0.889	2000.0
347	10.588	39.643	4.351	36.258	0.161	0.926	3000.0
348	9.263	34.701	3.892	32.642	0.14	0.934	3000.0
349	10.439	39.125	4.317	36.535	0.163	0.918	3000.0
350	10.762	40.213	4.502	38.126	0.165	0.916	7000.0
351	9.203	34.445	3.763	31.91	0.125	0.937	4000.0
352	12.859	47.874	5.014	42.61	0.222	0.882	2000.0
353	11.635	43.437	4.664	39.74	0.187	0.908	2000.0
354	10.857	40.446	4.314	37.108	0.189	0.913	3000.0
355	9.647	36.059	4.02	35.173	0.122	0.926	3000.0
356	11.632	43.326	5.146	41.301	0.184	0.905	2000.0
357	12.227	45.937	4.872	40.836	0.203	0.894	3000.0
358	10.779	40.329	4.532	36.937	0.165	0.917	3000.0
359	11.287	41.924	4.692	39.512	0.175	0.906	5000.0
360	9.843	36.764	3.984	33.215	0.156	0.938	4000.0
361	8.969	33.644	3.687	31.605	0.123	0.937	2000.0
362	11.396	42.702	4.74	39.23	0.166	0.903	2000.0
363	12.758	47.884	5.507	45.343	0.211	0.88	2000.0
364	11.925	44.65	5.273	41.332	0.211	0.907	3000.0
365	11.35	42.375	4.678	39.817	0.191	0.906	2000.0
366	11.067	41.634	4.486	38.16	0.17	0.91	2000.0
367	10.374	38.534	4.01	35.285	0.155	0.924	2000.0
368	13.609	50.418	5.527	45.074	0.24	0.879	2000.0
369	11.19	41.686	4.512	36.418	0.189	0.921	3000.0
370	11.045	41.169	4.587	38.397	0.186	0.904	3000.0
371	10.172	38.053	4.047	36.154	0.152	0.918	4000.0
372	9.139	34.205	3.674	32.356	0.149	0.934	3000.0
373	11.087	41.535	4.507	39.784	0.17	0.907	5000.0
374	12.027	44.904	5.005	41.545	0.212	0.891	3000.0
375	12.574	46.955	5.086	43.05	0.205	0.884	3000.0
376	10.744	40.2	4.614	37.444	0.172	0.924	2000.0
377	11.078	41.585	4.326	37.81	0.175	0.908	4000.0
378	10.546	39.304	4.434	36.978	0.16	0.918	3000.0
379	12.115	45.206	5.207	41.81	0.213	0.891	3000.0
380	11.277	42.385	4.721	39.561	0.169	0.907	2000.0
381	11.832	44.437	4.802	41.795	0.188	0.888	2000.0
382	11.133	41.914	4.894	42.728	0.197	0.884	2000.0
383	11.451	43.034	4.47	38.939	0.201	0.904	3000.0
384	10.191	37.987	4.185	36.012	0.145	0.915	3000.0
385	12.258	45.901	5.032	43.031	0.215	0.889	2000.0
386	11.102	41.267	4.641	38.551	0.149	0.908	3000.0
387	11.936	44.619	5.07	43.159	0.211	0.882	2000.0
388	10.938	40.74	4.577	37.567	0.183	0.916	3000.0
389	10.493	39.154	4.405	36.891	0.158	0.915	3000.0
390	12.917	48.355	5.144	43.137	0.212	0.891	2000.0
391	13.282	49.474	5.505	44.993	0.217	0.88	2000.0
392	11.504	43.069	4.863	41.241	0.189	0.896	4000.0
393	13.434	49.728	5.793	45.838	0.229	0.869	3000.0
394	10.194	38.218	4.373	37.112	0.152	0.909	2000.0
395	12.668	47.585	5.243	43.106	0.2	0.885	2000.0
396	11.671	43.27	4.854	40.516	0.181	0.9	2000.0
397	10.904	40.669	4.685	38.12	0.185	0.911	2000.0
398	11.331	42.262	4.636	38.557	0.181	0.902	2000.0
399	11.976	45.149	4.905	41.515	0.209	0.895	2000.0
400	12.248	45.683	5.293	43.595	0.188	0.888	3000.0
401	10.499	39.121	4.389	36.015	0.161	0.925	2000.0
402	13.148	48.881	5.167	42.539	0.222	0.886	2000.0
403	12.751	47.823	5.35	43.599	0.205	0.893	2000.0
404	12.393	45.96	5.02	42.963	0.206	0.879	3000.0
405	10.967	40.91	4.557	37.255	0.176	0.913	3000.0
406	10.555	39.492	4.282	37.103	0.168	0.916	3000.0
407	11.464	42.196	4.875	38.142	0.168	0.911	4000.0
408	10.971	40.798	4.24	36.646	0.174	0.91	2000.0
409	10.933	41.045	4.39	37.939	0.185	0.915	3000.0
410	11.123	41.305	4.453	37.989	0.18	0.917	3000.0
411	9.621	36.042	4.062	34.24	0.137	0.93	3000.0
412	13.232	49.64	5.565	44.875	0.234	0.88	3000.0
413	9.701	36.147	3.953	34.364	0.14	0.926	4000.0
414	12.534	47.066	4.946	41.69	0.21	0.886	2000.0
415	11.476	42.935	4.778	40.462	0.189	0.904	2000.0
416	11.419	42.806	4.778	38.585	0.192	0.915	4000.0
417	10.542	39.464	4.491	37.54	0.174	0.915	2000.0
418	13.192	49.098	5.284	41.849	0.224	0.895	3000.0
419	11.791	44.121	5.077	42.959	0.201	0.88	4000.0
420	11.112	41.399	4.545	38.523	0.189	0.903	2000.0
421	12.461	46.436	5.115	42.288	0.199	0.897	2000.0
422	9.175	34.391	3.84	33.572	0.134	0.937	2000.0
423	11.187	41.955	4.732	39.636	0.189	0.909	2000.0
424	11.366	42.225	5.031	40.834	0.162	0.903	2000.0
425	10.67	40.113	4.711	39.412	0.158	0.909	3000.0
426	13.278	49.462	5.218	43.374	0.23	0.88	2000.0
427	10.779	40.153	4.554	37.427	0.158	0.907	2000.0
428	10.883	40.525	4.422	36.954	0.18	0.918	5000.0
429	11.002	41.017	4.66	38.542	0.194	0.896	2000.0
430	12.156	45.382	5.0	40.705	0.194	0.904	5000.0
431	13.13	48.907	5.823	43.899	0.2	0.885	2000.0
432	10.844	40.479	4.597	38.479	0.186	0.903	2000.0
433	12.141	45.586	4.8	41.179	0.211	0.895	3000.0
434	10.685	39.875	4.299	35.898	0.16	0.923	2000.0
435	12.113	45.402	5.39	43.312	0.213	0.88	2000.0
436	11.042	41.212	4.391	37.539	0.158	0.919	3000.0
437	10.892	40.629	4.445	37.161	0.163	0.916	5000.0
438	10.878	40.592	4.277	35.633	0.173	0.926	2000.0
439	11.59	43.119	4.739	38.592	0.189	0.908	3000.0
440	9.783	36.493	3.976	33.426	0.15	0.928	2000.0
441	10.361	38.498	4.08	33.903	0.163	0.934	3000.0
442	10.786	40.193	4.372	34.998	0.183	0.927	2000.0
443	12.822	48.043	5.252	43.554	0.221	0.886	2000.0
444	12.292	45.909	5.378	44.232	0.192	0.888	2000.0
445	11.197	41.709	4.536	37.632	0.187	0.913	2000.0
446	11.757	43.662	5.071	39.018	0.202	0.906	2000.0
447	13.717	51.122	5.707	48.133	0.225	0.858	2000.0
448	10.749	40.245	4.204	35.55	0.179	0.926	3000.0
449	12.226	45.841	4.942	42.141	0.214	0.893	2000.0
450	9.506	35.597	3.717	32.563	0.161	0.924	3000.0
451	12.617	47.077	5.515	42.58	0.216	0.893	2000.0
452	12.499	46.674	5.553	43.605	0.2	0.882	3000.0
453	11.082	41.425	4.433	37.311	0.182	0.912	3000.0
454	10.748	40.094	4.32	36.604	0.165	0.919	2000.0
455	10.57	39.607	4.436	35.562	0.177	0.918	3000.0
456	11.269	41.805	4.957	40.284	0.171	0.901	3000.0
457	11.067	41.255	4.468	36.231	0.186	0.915	3000.0
458	11.416	42.637	4.784	40.416	0.187	0.9	4000.0
459	10.515	39.332	4.666	38.838	0.175	0.912	2000.0
460	12.549	46.873	5.306	44.464	0.218	0.879	2000.0
461	11.571	43.272	4.759	39.951	0.184	0.902	2000.0
462	12.023	44.987	4.907	41.552	0.18	0.891	3000.0
463	11.46	42.771	4.461	37.898	0.206	0.904	4000.0
464	9.41	35.194	3.923	34.582	0.16	0.924	4000.0
465	11.229	42.014	4.61	40.351	0.168	0.901	2000.0
466	13.649	50.954	5.483	47.738	0.214	0.864	2000.0
467	11.074	41.416	4.318	36.527	0.187	0.917	2000.0
468	12.033	44.88	4.834	40.86	0.213	0.892	8000.0
469	10.381	38.635	4.296	35.086	0.176	0.927	3000.0
470	10.414	38.946	4.025	35.947	0.156	0.916	3000.0
471	10.828	40.442	4.593	38.652	0.148	0.912	2000.0
472	10.299	38.331	4.087	35.729	0.143	0.928	3000.0
473	9.896	37.176	4.074	33.667	0.151	0.935	4000.0
474	10.642	39.619	4.441	37.34	0.176	0.92	3000.0
475	11.047	41.451	4.635	38.152	0.195	0.903	2000.0
476	11.519	42.753	4.8	39.507	0.186	0.897	3000.0
477	12.636	47.592	5.3	44.471	0.235	0.874	2000.0
478	13.404	50.119	5.947	49.557	0.217	0.854	4000.0
479	10.473	39.072	4.36	37.831	0.173	0.908	2000.0
480	9.027	33.809	3.497	30.216	0.12	0.944	2000.0
481	11.629	43.267	4.916	40.702	0.194	0.901	4000.0
482	10.419	38.781	4.47	36.923	0.161	0.914	3000.0
483	13.16	48.832	5.756	45.362	0.215	0.881	2000.0
484	12.542	46.783	5.1	42.36	0.217	0.891	2000.0
485	11.238	41.966	4.269	36.083	0.175	0.927	2000.0
486	11.213	41.808	4.888	39.591	0.187	0.908	2000.0
487	11.677	43.703	4.88	41.102	0.196	0.903	3000.0
488	10.95	40.842	4.47	38.394	0.182	0.905	2000.0
489	12.36	45.739	5.517	44.29	0.198	0.881	2000.0
490	11.779	43.48	5.013	41.539	0.198	0.883	2000.0
491	12.895	48.07	5.217	46.679	0.204	0.865	3000.0
492	12.499	46.42	5.356	42.902	0.187	0.884	2000.0
493	10.794	40.452	4.272	35.813	0.184	0.921	2000.0
494	12.503	46.427	5.238	41.571	0.197	0.903	3000.0
495	12.704	47.16	5.517	42.849	0.198	0.89	2000.0
496	11.545	43.156	4.738	38.253	0.177	0.916	2000.0
497	11.301	42.141	4.783	39.982	0.178	0.904	2000.0
498	11.155	41.491	4.322	38.526	0.17	0.906	3000.0
499	10.994	40.978	4.703	38.685	0.187	0.904	3000.0
500	13.235	49.471	5.782	47.184	0.203	0.864	3000.0
