MutationType	CNV48A	CNV48B	CNV48C	CNV48D	CNV48E	CNV48F	CNV48G	CNV48H	CNV48I
0:homdel:0-100kb	3.7179323628180325e-06	3.7097420608205313e-06	3.4158525061902657e-06	3.4339049505321406e-06	4.001880896893795e-06	3.769571075679323e-06	3.8574868829002185e-06	3.998038183869057e-06	3.881661244898638e-06
0:homdel:100kb-1Mb	3.718053362023355e-06	3.7097535874437427e-06	3.4157637556244855e-06	3.433980768677625e-06	4.001826361864858e-06	3.7698690362901744e-06	3.857347932623156e-06	3.99788514932024e-06	3.881657923509252e-06
0:homdel:>1Mb	3.718009609933404e-06	3.7097405424333375e-06	3.4158776675173188e-06	3.4339039620671642e-06	4.0019096096344245e-06	3.769532339873649e-06	3.857414871528242e-06	3.997883669550402e-06	3.881805482184752e-06
1:LOH:0-100kb	0.008841638121226444	0.0008829113893456026	0.023045108750296216	0.003558653493748209	0.0050209318105839005	0.015384967985538477	0.003436623027222906	0.049592972507416754	0.20212194370756006
1:LOH:100kb-1Mb	3.7181134087553856e-06	3.7097519295201664e-06	3.4158436725892995e-06	3.433870122668992e-06	4.001932062195124e-06	3.7706363376059927e-06	3.857194238015893e-06	3.997930247773173e-06	3.8817447361498834e-06
1:LOH:1Mb-10Mb	0.0239382407537989	0.003974127013674956	0.048356076264296104	0.03703139959068184	0.03328608892182291	0.3759712028309807	0.03400717875713973	0.032287607073567405	0.010396393790237336
1:LOH:10Mb-40Mb	0.03796640953747313	0.04713349711956404	0.07940326802472078	0.515750819504261	0.08800447389159796	0.0950766356035881	0.2135508493046548	0.07071747671106686	0.07213529762446683
1:LOH:>40Mb	0.1226219719902964	0.5374350592792034	0.049077273515029364	0.06282942618317573	0.05419903268987635	0.04059051901743647	0.16100685248761445	0.08269309333639649	0.08297792015860309
2:LOH:0-100kb	3.7181522363454177e-06	3.7097514525896714e-06	3.416063705168213e-06	3.4339869034831214e-06	4.001847090385979e-06	3.768715417848512e-06	3.857292740823581e-06	3.997843909073021e-06	3.882114970652939e-06
2:LOH:100kb-1Mb	3.7178215353463883e-06	3.709730877858419e-06	3.41578151438058e-06	3.4339569737730223e-06	4.0018119967797365e-06	3.7683389946323586e-06	3.857835902963735e-06	3.997885351757804e-06	3.881510541212663e-06
2:LOH:1Mb-10Mb	3.7179606171182657e-06	3.7097498128702e-06	3.4162667496833538e-06	3.4343270254105217e-06	4.001567853087806e-06	3.764143613537385e-06	3.8579535117397865e-06	3.997683522208325e-06	3.882374088801654e-06
2:LOH:10Mb-40Mb	3.7181851373375706e-06	3.709751135517081e-06	3.415996187715843e-06	3.4339622405434312e-06	4.001856914641167e-06	3.769356080312036e-06	3.857192268204912e-06	3.997818927584893e-06	3.882037476641287e-06
2:LOH:>40Mb	3.718006071940394e-06	3.709752060416349e-06	3.4159579277849284e-06	3.4340323517476622e-06	4.00178376768423e-06	3.7684950930270135e-06	3.8574771796175965e-06	3.997926897568497e-06	3.881886726983197e-06
3-4:LOH:0-100kb	3.7172891113090857e-06	3.7097422465421913e-06	3.4150432404163684e-06	3.4335604053541414e-06	4.001927548927142e-06	3.772483226896384e-06	3.858142061822889e-06	3.998504073214167e-06	3.880042648456872e-06
3-4:LOH:100kb-1Mb	3.718049767181597e-06	3.709737813736069e-06	3.415754575067484e-06	3.434050907026365e-06	4.001822048124382e-06	3.769577594994189e-06	3.857458720397666e-06	3.997810661219589e-06	3.88157914564502e-06
3-4:LOH:1Mb-10Mb	3.718246611494891e-06	3.7097552489200327e-06	3.415885474917052e-06	3.433763376059995e-06	4.002044638099278e-06	3.7714049879014057e-06	3.85697879054181e-06	3.997798644429339e-06	3.881923649050379e-06
3-4:LOH:10Mb-40Mb	3.7182187606923377e-06	3.709738624067427e-06	3.4157872640281147e-06	3.433906085391736e-06	4.001957019688973e-06	3.7705543927302187e-06	3.8572070710296555e-06	3.997627526035092e-06	3.881758775900579e-06
3-4:LOH:>40Mb	3.717951707061573e-06	3.7097394205858335e-06	3.415839510919961e-06	3.4340025204288027e-06	4.001808975175436e-06	3.7684003183358074e-06	3.857667258886366e-06	3.997800617525464e-06	3.881690047355946e-06
5-8:LOH:0-100kb	3.7179553678914346e-06	3.7097455983996495e-06	3.415520399216708e-06	3.4337722208503394e-06	4.001964919304157e-06	3.772075123549712e-06	3.857309908945617e-06	3.99802772837136e-06	3.881200012253672e-06
5-8:LOH:100kb-1Mb	3.718035277891829e-06	3.709770928821854e-06	3.415740499870337e-06	3.4337815834790673e-06	4.001901122407503e-06	3.7710853546286672e-06	3.857188566714242e-06	3.998063796194929e-06	3.881564337159027e-06
5-8:LOH:1Mb-10Mb	3.7179584649873477e-06	3.709751784683135e-06	3.415619984158138e-06	3.433719181691719e-06	4.001970263793453e-06	3.77156462405992e-06	3.8573586541623684e-06	3.998031279272271e-06	3.881280976557377e-06
5-8:LOH:10Mb-40Mb	3.7180301705745935e-06	3.709754116371755e-06	3.4157046331027632e-06	3.433808857710774e-06	4.001953705554229e-06	3.771341569233755e-06	3.8572114874364515e-06	3.9980141424702315e-06	3.88157195884542e-06
5-8:LOH:>40Mb	3.718105605816646e-06	3.7097473951348547e-06	3.4159982139420584e-06	3.4339671817994466e-06	4.001872555079444e-06	3.7687268314812172e-06	3.857372011048632e-06	3.997761720816476e-06	3.8820208927283774e-06
9+:LOH:0-100kb	3.7181749263979214e-06	3.7097516005673014e-06	3.415831372972315e-06	3.4339092192952057e-06	4.001912013364972e-06	3.7703801021820028e-06	3.857162506601952e-06	3.99779374786462e-06	3.881831500374133e-06
9+:LOH:100kb-1Mb	3.7180692018417005e-06	3.709741070551331e-06	3.4158648348183455e-06	3.4339735338060896e-06	4.00183856520897e-06	3.769328088054635e-06	3.857385443553519e-06	3.997837642344416e-06	3.88177300728465e-06
9+:LOH:1Mb-10Mb	3.7183544661232302e-06	3.709737731298901e-06	3.415828791800713e-06	3.4338139797814303e-06	4.002049975731836e-06	3.7712672515368695e-06	3.8570008192291285e-06	3.997516714575245e-06	3.881870378469543e-06
9+:LOH:10Mb-40Mb	3.7181206293510628e-06	3.7097396369603075e-06	3.4157931946770623e-06	3.433859106239723e-06	4.001954318113121e-06	3.770510717004072e-06	3.857310124845803e-06	3.997784431867539e-06	3.8816233888816494e-06
9+:LOH:>40Mb	3.7181386842117804e-06	3.709757725403051e-06	3.4158395270040114e-06	3.433932179735144e-06	4.001876777891766e-06	3.770211427450931e-06	3.857196064603663e-06	3.99786405833363e-06	3.881809911648659e-06
2:het:0-100kb	0.0005540624797760615	0.001770882077187272	0.0007896611511951974	0.011551049837919389	2.872766739264363e-06	0.0069594856774177795	0.018531333909124797	0.00225599560281909	0.0005254028266599537
2:het:100kb-1Mb	3.718105747633871e-06	3.7097618656218857e-06	3.415895854592541e-06	3.4338218195540393e-06	4.001938891171619e-06	3.770955856154501e-06	3.857082666959499e-06	3.998077677844001e-06	3.881815608965056e-06
2:het:1Mb-10Mb	0.02849917149166243	0.024537845664841094	0.020622999990083556	0.027683941493482727	0.08019874653015839	0.002545781304171502	0.014481423113435967	0.009950179498590055	0.0852722355930776
2:het:10Mb-40Mb	0.026050531613134493	0.02489222047202508	0.026388071118177876	0.04364243454064157	0.03467450127623844	0.03799878976260034	0.049921753206210624	0.3826103553222283	0.11502657154189569
2:het:>40Mb	0.07955989064773546	0.05619713441842589	0.04394279602468054	0.0478305184088594	0.057356810994618763	0.11150796794957946	0.1726867278766829	0.10256218601115759	0.05791979129085811
3-4:het:0-100kb	0.04006928770337076	0.022009115867479653	0.03482068818299482	0.0410838184647137	0.06150510777011565	0.012307410256312544	0.02063859696340807	0.032152313756557534	0.016367848640376978
3-4:het:100kb-1Mb	3.7180984083224898e-06	3.709748244943967e-06	3.4156806194281674e-06	3.4337833945367743e-06	4.002028390289069e-06	3.771859865508986e-06	3.857149302276319e-06	3.997855693226406e-06	3.881550182770255e-06
3-4:het:1Mb-10Mb	0.025405440994894127	0.02464217111360145	0.03020397446376519	0.036432301354828014	0.030325010464568748	0.009215423038014332	0.14114745452127375	0.09609803278423905	0.0372599302925906
3-4:het:10Mb-40Mb	0.22397976963543859	0.09686736498545309	0.0551129889494737	0.07620496403977958	0.4626701284753217	0.07265442166781694	0.06610000046185492	0.062047468776883136	0.15028007392437934
3-4:het:>40Mb	0.3823797406032681	0.15952410907534975	0.5881141358837485	0.09627707252671608	0.09261221539629111	0.219651678305435	0.10435233727893635	0.07688839322590975	0.16957682927493267
5-8:het:0-100kb	3.71807392098944e-06	3.7097567228556726e-06	3.4157950068260565e-06	3.43384437467098e-06	4.001918916522129e-06	3.7708455954259533e-06	3.85720022014624e-06	3.9980063753503324e-06	3.881669555066303e-06
5-8:het:100kb-1Mb	3.718139207116167e-06	3.7097697130974437e-06	3.415892736002732e-06	3.4338082871553375e-06	4.001935078285612e-06	3.77038290119458e-06	3.857159004985178e-06	3.997883372779407e-06	3.881853870527863e-06
5-8:het:1Mb-10Mb	3.718219551538837e-06	3.709764333422072e-06	3.4159982131796275e-06	3.433795830769193e-06	4.001977163184733e-06	3.7706423352474872e-06	3.85699693858399e-06	3.997914630335322e-06	3.882055793825501e-06
5-8:het:10Mb-40Mb	3.718190802356247e-06	3.7097584094709646e-06	3.4160231025310343e-06	3.4338890309722482e-06	4.0019145343208605e-06	3.76980698134588e-06	3.857105353996637e-06	3.997885294210785e-06	3.882099031381259e-06
5-8:het:>40Mb	3.7180206361178135e-06	3.7097624473005907e-06	3.4157371522590352e-06	3.4337662023822266e-06	4.001966109889566e-06	3.7715701366778374e-06	3.857176879868085e-06	3.9981106590780555e-06	3.8815480265457225e-06
9+:het:0-100kb	3.718234632616557e-06	3.709745155205724e-06	3.4158659137860323e-06	3.433883188755149e-06	4.001963626848237e-06	3.770563562255802e-06	3.8571425555566914e-06	3.997706033031799e-06	3.881827365127322e-06
9+:het:100kb-1Mb	3.718091201271534e-06	3.7097303783752975e-06	3.4159867727604097e-06	3.4339751717987753e-06	4.001846708803214e-06	3.7689173778687744e-06	3.857353495399174e-06	3.997840153753774e-06	3.881993684797358e-06
9+:het:1Mb-10Mb	3.7181502565513115e-06	3.709744272669013e-06	3.4162438716470743e-06	3.434097080084464e-06	4.001776116297151e-06	3.7669303730893944e-06	3.857467420654181e-06	3.997733492623769e-06	3.882326013201265e-06
9+:het:10Mb-40Mb	3.7181842986395707e-06	3.7097634208720364e-06	3.415898200587593e-06	3.4339239003028377e-06	4.001886997201609e-06	3.76992747143845e-06	3.857179142118028e-06	3.997785832996278e-06	3.8819113207697594e-06
9+:het:>40Mb	3.7182422031349913e-06	3.709744496859457e-06	3.4160594930558022e-06	3.433771012995912e-06	4.0020918907330835e-06	3.7708248148646817e-06	3.857003991438291e-06	3.997814674687042e-06	3.882135997550051e-06
