MutationType	SV32A	SV32B	SV32C	SV32D	SV32E	SV32F	SV32G	SV32H	SV32I
clustered_del_1-10Kb	5.952533972228925e-06	5.873181439693445e-06	5.42077735408676e-06	5.489498814018305e-06	5.5656903786580704e-06	4.596551080618241e-06	5.161866690884614e-06	5.598572615074942e-06	5.542336176370571e-06
clustered_del_10-100Kb	5.952289932747929e-06	5.872128541940207e-06	5.419860122367859e-06	5.491037774351696e-06	5.5635912960160514e-06	4.5953102762522035e-06	5.16102680938246e-06	5.60016279203729e-06	5.543043970701777e-06
clustered_del_100Kb-1Mb	5.953382449961572e-06	5.870903407624155e-06	5.418092081701044e-06	5.488613883588926e-06	5.5635171582817875e-06	4.6056273964233575e-06	5.162176188838678e-06	5.595526521775709e-06	5.5403533438194216e-06
clustered_del_1Mb-10Mb	5.952573094595155e-06	5.872791760965021e-06	5.419542447943071e-06	5.489322270963907e-06	5.564434733703671e-06	4.59701842774416e-06	5.160454551105829e-06	5.599824935170425e-06	5.54280434594593e-06
clustered_del_>10Mb	5.952397930694889e-06	5.8735081983862556e-06	5.420691518225214e-06	5.487194992699699e-06	5.562468899626501e-06	4.5932240794053105e-06	5.1642879670363664e-06	5.59733552162768e-06	5.541589644215489e-06
clustered_tds_1-10Kb	5.951860222653538e-06	5.875201336597868e-06	5.420646236961804e-06	5.489330063884438e-06	5.5628570968635526e-06	4.595710935012231e-06	5.161785868213083e-06	5.5981987479735795e-06	5.541527268129671e-06
clustered_tds_10-100Kb	5.9525144080562344e-06	5.873572228084789e-06	5.420544864849293e-06	5.488819790240655e-06	5.562551437134827e-06	4.595401409134072e-06	5.161654476454863e-06	5.598307432341472e-06	5.542960301446409e-06
clustered_tds_100Kb-1Mb	5.952657427260471e-06	5.873446136607431e-06	5.421270352526109e-06	5.488358034124644e-06	5.562339276047353e-06	4.5940931829864815e-06	5.162030287612248e-06	5.59774567188741e-06	5.542905524841675e-06
clustered_tds_1Mb-10Mb	5.951975044965938e-06	5.872022579337509e-06	5.421843596415593e-06	5.485712353458098e-06	5.562902498291129e-06	4.590147875184622e-06	5.164653870734846e-06	5.59783724711528e-06	5.5413828405080804e-06
clustered_tds_>10Mb	5.951003187103038e-06	5.872352567571511e-06	5.420266936603333e-06	5.4896180775151605e-06	5.564472074195029e-06	4.594754528548585e-06	5.163343419168769e-06	5.5998288298354985e-06	5.539185531534175e-06
clustered_inv_1-10Kb	5.953238712529858e-06	5.872989618495788e-06	5.42260667166967e-06	5.482608801376103e-06	5.5609717705660565e-06	4.59306677354597e-06	5.1669344547434055e-06	5.592442121447723e-06	5.5405534042455505e-06
clustered_inv_10-100Kb	5.952123868580582e-06	5.8747163568738766e-06	5.419490929143218e-06	5.491598982498317e-06	5.563404791717478e-06	4.59800936980412e-06	5.15987544100592e-06	5.59977702203516e-06	5.542170620544719e-06
clustered_inv_100Kb-1Mb	5.951933716630157e-06	5.872371641661185e-06	5.42006704082828e-06	5.489117889386023e-06	5.563457852934448e-06	4.596765734244834e-06	5.161815822782618e-06	5.599272885879757e-06	5.541454841918278e-06
clustered_inv_1Mb-10Mb	5.952763940414316e-06	5.872596437092757e-06	5.419031602907756e-06	5.490463739551558e-06	5.563437836831905e-06	4.598889643938996e-06	5.1610200745070254e-06	5.598197719372365e-06	5.542867454497731e-06
clustered_inv_>10Mb	5.953098293452053e-06	5.8734303783126935e-06	5.418880779147883e-06	5.490304584643639e-06	5.562239853377458e-06	4.60100962471925e-06	5.160613746744319e-06	5.597581281236562e-06	5.5428890677046545e-06
clustered_trans	5.95181829561039e-06	5.872406980607193e-06	5.420798710284922e-06	5.4872177780644055e-06	5.5631401810510466e-06	4.593540126311224e-06	5.163732577223152e-06	5.598385517006609e-06	5.540436195055866e-06
non-clustered_del_1-10Kb	0.05337977579770054	0.03136145111434325	0.00216668498602541	0.01912930658668704	0.00924512133953827	0.011142278965513388	0.013203466250198548	0.0828406054883219	0.06628192489324285
non-clustered_del_10-100Kb	0.009845747370213615	0.02177239397174227	0.01765994962895175	0.01661105429160407	0.03025355211895411	0.35099823047566997	0.012435806167447782	0.019210585257567133	0.013318877915417702
non-clustered_del_100Kb-1Mb	0.0017802595893839405	0.022499475742504407	0.06552792751320462	0.013810394319688068	0.004552337893642939	0.012077248868212874	0.05634227466157769	0.07851329630969141	0.039117287917626586
non-clustered_del_1Mb-10Mb	0.0022265150347951443	0.026116908465973573	0.07286263352271402	0.006027153258806477	0.017938843017786175	0.010089932723305039	0.2645191595227359	0.015361518668910196	0.013705296118495467
non-clustered_del_>10Mb	0.8022969175577164	0.10496404198419074	0.7416546662925437	0.6542581428328995	0.32634886063663815	0.35231188821807213	0.25575003863005835	0.2191534340416064	0.44468657749026896
non-clustered_tds_1-10Kb	0.0009107444923209582	0.009453893247722292	0.010524089534672638	0.005515913779140961	0.010071722249225807	0.011400163659545071	0.016590932553715784	0.015309225687901802	0.011590115375422578
non-clustered_tds_10-100Kb	0.016936301117927002	0.0044954161132648735	0.007402500271048667	0.07447141477572805	0.003900915806883674	0.011371268907247486	0.005847872661154529	0.013169077694845094	0.014189979542574708
non-clustered_tds_100Kb-1Mb	0.005659161279081535	0.03291842590345002	0.006528068037370907	0.0075452639824513884	0.04129532681456696	0.014274069754453073	0.026140711752506207	0.014263724190358708	0.01504126035594314
non-clustered_tds_1Mb-10Mb	0.008852410512049106	0.018499869044161354	0.0057993837732082335	0.022082230202554922	0.006890874009815308	0.01963773300633907	0.013094751058666813	0.03416534021734735	0.034841075785542186
non-clustered_tds_>10Mb	0.05442115501205233	0.023617067378070296	0.007098868143355062	0.014164796393500722	0.3795685995946088	0.04083887995561853	0.019741035775315444	0.01495903650882397	0.017557606145615197
non-clustered_inv_1-10Kb	5.952753400584463e-06	5.873886989195686e-06	5.419534357699745e-06	5.4883752901878895e-06	5.562575120696262e-06	4.597699966481117e-06	5.1611399674201735e-06	5.5974319414016195e-06	5.542721046739547e-06
non-clustered_inv_10-100Kb	5.952342196381892e-06	5.8733416830754205e-06	5.4209069413993105e-06	5.487927105509186e-06	5.5630004567171674e-06	4.593557099837352e-06	5.162783977880944e-06	5.598382811359783e-06	5.541963607242127e-06
non-clustered_inv_100Kb-1Mb	5.952136027103606e-06	5.872900801431735e-06	5.419428709647969e-06	5.490490730156865e-06	5.563537044743917e-06	4.59709450437583e-06	5.160545125263762e-06	5.599944095726025e-06	5.542193997414183e-06
non-clustered_inv_1Mb-10Mb	5.951498718625605e-06	5.873015566242857e-06	5.4203575494088246e-06	5.488678147482688e-06	5.563607696489628e-06	4.5957246104319944e-06	5.161347024237512e-06	5.599735087683929e-06	5.5406132724805885e-06
non-clustered_inv_>10Mb	5.951433778051158e-06	5.8718411616873435e-06	5.4210507317307495e-06	5.487492652495178e-06	5.563690449815556e-06	4.59310023018986e-06	5.163226649124295e-06	5.599203446980895e-06	5.540683254091007e-06
non-clustered_trans	0.04356601299189266	0.7041777272075415	0.06266138636166424	0.1662690555300391	0.16981702015373434	0.16576179491510684	0.31622554882248155	0.49293660132045575	0.32955361415549755
