NMF_Replicate	L1	L1 %	L2	L2 %	KL Divergence	Correlation	Convergence Iterations
1	8.047	29.994	3.191	26.864	0.113	0.959	5000.0
2	10.964	40.904	4.693	38.904	0.163	0.898	3000.0
3	7.429	27.668	2.931	24.213	0.117	0.967	4000.0
4	9.633	35.934	4.032	34.893	0.155	0.925	2000.0
5	8.598	32.086	3.685	30.136	0.121	0.941	3000.0
6	8.863	33.011	3.83	31.368	0.118	0.941	3000.0
7	7.827	29.299	3.178	27.835	0.111	0.944	2000.0
8	10.039	37.514	4.044	33.386	0.151	0.934	5000.0
9	7.935	29.578	3.411	29.098	0.107	0.948	4000.0
10	6.341	23.655	2.47	22.298	0.083	0.969	2000.0
11	7.806	29.459	3.211	27.962	0.103	0.949	2000.0
12	8.084	30.086	3.441	29.465	0.096	0.949	2000.0
13	9.866	37.14	4.209	34.704	0.147	0.927	2000.0
14	10.734	40.149	4.655	37.182	0.155	0.917	3000.0
15	7.91	29.837	3.337	29.436	0.109	0.939	3000.0
16	10.466	38.501	4.511	36.257	0.165	0.919	2000.0
17	9.027	33.63	3.667	31.48	0.116	0.948	3000.0
18	8.193	30.486	3.537	28.112	0.112	0.95	3000.0
19	8.939	33.591	3.544	30.033	0.161	0.944	2000.0
20	8.993	33.863	3.612	31.38	0.147	0.937	3000.0
21	8.694	32.527	3.813	32.034	0.124	0.937	7000.0
22	9.674	35.963	4.147	33.82	0.122	0.929	2000.0
23	8.412	31.359	3.746	31.623	0.109	0.938	4000.0
24	9.135	33.894	3.816	29.852	0.144	0.948	2000.0
25	8.348	31.37	3.947	34.009	0.108	0.92	6000.0
26	8.694	32.633	3.677	32.558	0.106	0.93	3000.0
27	9.992	37.14	4.409	35.948	0.135	0.921	3000.0
28	7.298	27.224	2.97	24.869	0.11	0.96	3000.0
29	9.192	34.47	3.915	31.717	0.135	0.943	4000.0
30	8.392	31.315	3.65	30.724	0.122	0.944	2000.0
31	8.871	33.44	3.546	32.021	0.131	0.925	3000.0
32	8.108	30.242	3.476	29.386	0.104	0.945	2000.0
33	8.187	30.594	3.307	27.743	0.117	0.952	3000.0
34	8.435	31.545	3.451	30.195	0.101	0.949	6000.0
35	9.145	34.114	3.893	32.211	0.131	0.928	3000.0
36	10.01	37.213	4.215	34.596	0.147	0.924	3000.0
37	9.102	34.049	3.885	32.806	0.128	0.937	2000.0
38	8.084	30.382	3.351	29.193	0.13	0.945	3000.0
39	9.109	33.994	3.887	32.984	0.107	0.935	2000.0
40	9.562	35.499	4.277	34.138	0.126	0.933	3000.0
41	8.678	32.327	3.652	30.077	0.121	0.946	3000.0
42	8.743	32.731	3.666	29.202	0.121	0.952	4000.0
43	11.259	41.95	4.783	38.537	0.166	0.912	2000.0
44	9.239	34.57	3.602	31.928	0.136	0.927	4000.0
45	9.068	33.789	3.687	31.158	0.137	0.941	3000.0
46	9.522	35.504	4.237	34.232	0.133	0.924	2000.0
47	10.066	37.727	4.134	35.04	0.148	0.926	3000.0
48	8.853	33.159	3.79	31.759	0.14	0.929	3000.0
49	9.215	34.475	3.976	33.164	0.129	0.935	3000.0
50	10.114	37.661	4.042	32.96	0.154	0.932	5000.0
51	9.879	36.829	4.134	36.112	0.146	0.918	2000.0
52	7.86	29.535	3.304	28.388	0.126	0.938	7000.0
53	9.588	35.78	3.814	32.191	0.156	0.94	3000.0
54	9.329	34.802	3.979	33.605	0.108	0.93	3000.0
55	8.006	29.597	3.508	28.562	0.101	0.949	2000.0
56	8.531	31.738	3.741	31.701	0.107	0.94	5000.0
57	7.931	29.755	3.433	30.246	0.097	0.944	3000.0
58	7.794	29.196	3.259	28.103	0.098	0.952	2000.0
59	8.489	31.694	3.599	30.096	0.119	0.948	3000.0
60	7.964	30.019	3.338	29.883	0.115	0.946	6000.0
61	9.492	35.638	3.89	34.105	0.152	0.921	2000.0
62	8.255	30.968	3.269	28.133	0.114	0.951	3000.0
63	9.576	35.88	4.276	36.11	0.136	0.922	4000.0
64	10.361	38.63	4.306	35.167	0.153	0.933	3000.0
65	10.684	39.71	4.658	37.292	0.163	0.915	3000.0
66	7.992	29.923	3.291	26.956	0.11	0.957	3000.0
67	6.799	25.201	2.695	23.391	0.075	0.962	2000.0
68	9.013	33.593	3.788	32.499	0.131	0.941	2000.0
69	8.618	32.156	4.064	31.084	0.124	0.942	2000.0
70	9.646	36.036	3.929	34.71	0.137	0.928	2000.0
71	9.018	33.655	3.638	30.45	0.127	0.942	3000.0
72	8.121	30.162	3.542	30.457	0.121	0.936	3000.0
73	8.557	31.781	3.908	31.861	0.113	0.942	3000.0
74	7.162	26.805	2.783	24.652	0.103	0.964	3000.0
75	10.955	41.244	4.548	38.483	0.168	0.902	3000.0
76	10.408	38.606	4.435	35.086	0.137	0.927	2000.0
77	9.135	34.084	3.747	32.328	0.131	0.937	3000.0
78	9.962	37.14	4.333	36.099	0.133	0.925	2000.0
79	8.328	31.08	3.641	30.159	0.119	0.941	2000.0
80	9.61	35.702	4.131	34.85	0.145	0.929	2000.0
81	7.463	27.894	3.122	27.019	0.094	0.953	4000.0
82	9.194	34.338	3.711	31.011	0.123	0.941	4000.0
83	8.433	31.511	3.393	30.397	0.111	0.945	5000.0
84	10.619	39.692	4.666	37.927	0.15	0.916	3000.0
85	7.859	29.493	3.378	28.525	0.104	0.947	2000.0
86	8.181	30.473	3.371	28.47	0.107	0.953	3000.0
87	10.631	39.322	4.586	36.351	0.159	0.911	4000.0
88	9.172	34.363	3.73	32.119	0.135	0.934	3000.0
89	9.026	33.812	3.654	29.597	0.127	0.952	3000.0
90	9.172	34.372	3.497	30.92	0.138	0.943	3000.0
91	9.22	34.521	3.809	31.617	0.127	0.939	9000.0
92	8.92	33.584	3.677	32.286	0.121	0.937	3000.0
93	11.272	41.756	5.092	40.269	0.173	0.891	3000.0
94	8.515	31.512	3.552	29.367	0.105	0.951	4000.0
95	7.633	28.73	3.091	25.75	0.104	0.961	4000.0
96	10.806	40.208	4.361	34.272	0.176	0.92	3000.0
97	10.168	37.91	4.248	35.303	0.129	0.928	3000.0
98	8.744	32.502	3.993	32.984	0.103	0.937	2000.0
99	9.349	34.925	3.814	32.144	0.129	0.935	3000.0
100	7.609	28.464	3.187	26.531	0.111	0.956	2000.0
101	8.172	30.782	3.351	28.598	0.109	0.95	4000.0
102	8.866	33.182	3.727	31.507	0.117	0.941	2000.0
103	8.977	33.415	3.777	29.528	0.156	0.947	4000.0
104	10.339	38.273	4.516	37.416	0.138	0.912	2000.0
105	8.431	31.697	3.254	29.22	0.121	0.942	3000.0
106	7.857	29.325	3.189	27.065	0.101	0.957	4000.0
107	9.061	33.907	3.631	31.98	0.122	0.936	5000.0
108	9.832	36.548	4.068	34.199	0.156	0.922	3000.0
109	10.987	41.056	4.565	38.648	0.165	0.911	2000.0
110	8.342	31.0	3.451	27.816	0.125	0.95	2000.0
111	9.033	33.758	3.773	32.062	0.137	0.935	8000.0
112	8.447	31.663	3.678	30.492	0.116	0.942	3000.0
113	9.29	34.507	3.796	33.27	0.133	0.932	2000.0
114	10.866	40.412	4.766	38.775	0.175	0.914	2000.0
115	9.011	33.417	3.842	31.244	0.123	0.943	5000.0
116	9.186	34.403	3.959	33.438	0.123	0.928	3000.0
117	8.464	31.479	3.579	28.64	0.128	0.949	2000.0
118	8.821	33.015	3.618	29.732	0.14	0.953	4000.0
119	10.914	40.435	4.791	36.986	0.14	0.917	2000.0
120	8.621	32.067	3.541	30.048	0.127	0.945	3000.0
121	8.083	30.216	3.469	29.383	0.096	0.946	4000.0
122	9.499	35.232	4.102	33.967	0.122	0.934	3000.0
123	8.89	33.385	3.823	31.534	0.132	0.927	2000.0
124	7.584	28.264	3.05	27.076	0.1	0.951	5000.0
125	9.491	35.355	3.785	33.342	0.139	0.932	4000.0
126	8.524	31.831	3.643	30.356	0.105	0.947	3000.0
127	8.64	32.311	3.51	29.132	0.13	0.941	3000.0
128	8.285	31.094	3.543	29.988	0.113	0.94	2000.0
129	9.965	37.073	4.163	36.34	0.124	0.917	2000.0
130	8.908	32.98	3.81	31.724	0.139	0.938	4000.0
131	8.259	31.044	3.394	28.33	0.105	0.945	2000.0
132	9.524	35.582	3.555	31.272	0.136	0.942	3000.0
133	8.468	31.444	3.416	27.132	0.126	0.954	2000.0
134	9.196	34.273	3.72	32.718	0.117	0.931	2000.0
135	7.378	27.644	2.997	25.44	0.092	0.962	2000.0
136	8.853	32.735	3.502	30.139	0.114	0.945	2000.0
137	7.53	28.183	2.948	23.505	0.108	0.966	2000.0
138	8.865	33.026	3.941	31.49	0.112	0.937	3000.0
139	9.533	35.169	3.852	30.77	0.158	0.939	3000.0
140	9.426	35.356	3.915	34.064	0.128	0.928	3000.0
141	9.183	34.143	3.801	32.568	0.137	0.933	2000.0
142	10.304	38.506	4.353	36.384	0.136	0.915	2000.0
143	9.287	34.69	3.662	31.124	0.118	0.946	4000.0
144	8.176	30.821	3.151	27.535	0.11	0.954	3000.0
145	9.326	35.105	3.795	32.951	0.123	0.928	3000.0
146	7.554	28.257	3.223	27.176	0.105	0.951	3000.0
147	8.765	32.738	3.761	31.477	0.121	0.942	2000.0
148	8.81	32.895	3.689	30.483	0.127	0.944	2000.0
149	8.412	31.509	3.351	27.938	0.117	0.954	4000.0
150	10.771	40.328	4.168	34.505	0.141	0.924	3000.0
151	7.397	27.607	3.016	24.888	0.1	0.963	2000.0
152	9.738	36.385	4.256	34.789	0.132	0.928	3000.0
153	9.788	36.506	4.128	32.517	0.16	0.932	3000.0
154	8.861	32.857	3.907	33.064	0.111	0.942	4000.0
155	9.703	36.253	4.048	35.272	0.144	0.923	3000.0
156	10.114	38.137	4.2	36.11	0.119	0.916	4000.0
157	9.157	34.208	3.831	31.929	0.136	0.941	2000.0
158	10.079	37.631	4.453	35.347	0.15	0.916	2000.0
159	10.157	37.902	4.156	35.363	0.168	0.915	3000.0
160	8.561	31.947	3.485	28.813	0.121	0.951	3000.0
161	9.505	35.483	4.027	33.84	0.129	0.928	3000.0
162	7.408	27.916	3.097	28.119	0.105	0.938	6000.0
163	8.795	32.744	3.792	31.036	0.153	0.944	2000.0
164	8.865	32.999	3.756	32.175	0.132	0.929	2000.0
165	8.544	31.984	3.463	30.06	0.097	0.944	5000.0
166	7.249	26.879	3.014	26.216	0.103	0.95	3000.0
167	8.451	31.497	3.609	31.135	0.102	0.938	4000.0
168	9.102	34.05	3.846	33.428	0.117	0.929	3000.0
169	9.33	35.165	3.867	33.591	0.133	0.932	3000.0
170	8.95	33.64	3.912	33.224	0.131	0.93	2000.0
171	8.932	33.562	3.432	31.274	0.134	0.933	3000.0
172	11.566	43.326	4.923	40.818	0.169	0.902	2000.0
173	10.045	37.123	4.274	33.755	0.157	0.928	4000.0
174	7.511	28.244	3.094	26.659	0.093	0.957	2000.0
175	8.814	33.218	3.516	31.768	0.142	0.935	3000.0
176	9.097	33.917	3.79	33.022	0.124	0.933	5000.0
177	10.073	37.48	4.343	35.705	0.167	0.918	5000.0
178	9.498	35.615	3.98	33.415	0.128	0.931	3000.0
179	9.694	36.149	4.297	35.034	0.119	0.928	2000.0
180	9.937	37.222	4.106	35.252	0.17	0.916	3000.0
181	10.888	40.6	4.849	40.576	0.164	0.9	3000.0
182	8.4	31.096	3.36	27.755	0.109	0.952	2000.0
183	8.139	30.364	3.58	29.76	0.117	0.945	3000.0
184	7.845	29.356	3.242	28.121	0.103	0.955	2000.0
185	9.693	36.43	4.037	33.868	0.146	0.917	3000.0
186	9.768	36.462	3.892	33.678	0.136	0.925	3000.0
187	10.314	38.44	4.257	35.363	0.153	0.924	3000.0
188	7.148	26.772	2.85	23.355	0.088	0.969	3000.0
189	8.664	32.294	3.573	29.024	0.151	0.949	2000.0
190	8.595	32.199	3.581	31.387	0.112	0.936	2000.0
191	8.654	32.292	3.704	31.974	0.115	0.941	4000.0
192	9.245	34.616	3.824	32.505	0.127	0.939	2000.0
193	9.056	33.906	3.693	32.96	0.124	0.93	8000.0
194	8.842	32.811	3.619	30.303	0.119	0.947	3000.0
195	8.886	33.012	3.801	31.87	0.111	0.94	4000.0
196	9.042	34.102	3.984	32.181	0.128	0.938	3000.0
197	8.635	32.165	3.597	30.396	0.134	0.938	2000.0
198	7.877	29.451	3.336	29.461	0.104	0.942	3000.0
199	9.189	34.257	3.88	33.301	0.122	0.932	4000.0
200	10.697	39.563	4.645	38.436	0.148	0.91	2000.0
201	9.641	36.08	3.956	34.224	0.127	0.929	3000.0
202	8.634	32.522	3.622	29.91	0.135	0.947	3000.0
203	9.237	34.857	3.884	32.405	0.121	0.937	3000.0
204	8.222	30.747	3.122	27.992	0.113	0.948	5000.0
205	8.27	31.034	3.446	29.209	0.128	0.95	3000.0
206	7.603	28.562	2.843	25.772	0.107	0.955	3000.0
207	8.675	32.594	3.662	31.819	0.121	0.941	2000.0
208	9.774	36.564	4.097	32.835	0.136	0.931	4000.0
209	8.243	30.813	3.728	29.378	0.106	0.947	2000.0
210	8.556	31.762	3.864	31.871	0.119	0.937	2000.0
211	9.063	34.06	3.526	31.354	0.133	0.939	5000.0
212	9.008	33.734	3.785	31.482	0.141	0.942	2000.0
213	11.044	41.217	4.637	39.554	0.154	0.905	4000.0
214	7.205	26.923	3.089	26.777	0.093	0.957	4000.0
215	8.311	31.136	3.522	30.455	0.115	0.94	3000.0
216	7.926	29.677	3.414	29.336	0.12	0.946	3000.0
217	8.343	31.032	3.433	28.436	0.125	0.957	2000.0
218	8.747	32.578	3.675	30.436	0.115	0.945	14000.0
219	11.952	44.624	4.833	39.269	0.195	0.899	5000.0
220	7.781	29.195	3.266	28.369	0.109	0.947	2000.0
221	10.473	38.982	4.513	38.034	0.166	0.907	4000.0
222	7.838	29.255	3.318	28.01	0.103	0.956	4000.0
223	6.998	25.78	2.997	24.908	0.079	0.962	2000.0
224	7.414	27.968	3.19	26.404	0.089	0.957	4000.0
225	8.778	32.928	3.704	30.221	0.12	0.942	2000.0
226	9.122	33.905	3.753	31.979	0.113	0.938	3000.0
227	8.131	30.454	3.4	28.337	0.114	0.949	4000.0
228	9.411	34.878	4.132	35.156	0.134	0.922	2000.0
229	9.721	36.432	3.857	32.485	0.149	0.938	3000.0
230	11.707	43.67	5.082	39.91	0.16	0.903	3000.0
231	9.55	35.542	4.169	35.194	0.119	0.927	2000.0
232	9.972	37.402	3.978	34.459	0.14	0.929	5000.0
233	8.82	32.874	3.671	31.3	0.118	0.946	4000.0
234	8.876	33.166	3.606	31.452	0.124	0.936	3000.0
235	7.668	28.762	3.144	26.903	0.101	0.957	2000.0
236	8.423	31.214	3.548	30.134	0.108	0.949	2000.0
237	8.21	30.69	3.508	28.062	0.112	0.956	2000.0
238	8.712	32.371	3.718	30.221	0.144	0.945	2000.0
239	8.786	33.159	3.553	30.601	0.125	0.939	2000.0
240	8.168	30.209	3.548	29.456	0.097	0.946	3000.0
241	8.936	33.593	3.614	30.964	0.121	0.942	3000.0
242	8.147	30.077	3.402	27.779	0.108	0.951	4000.0
243	9.153	34.032	3.784	30.55	0.134	0.938	5000.0
244	8.607	31.915	3.784	31.855	0.111	0.94	5000.0
245	7.05	26.33	2.865	24.717	0.111	0.96	5000.0
246	8.496	31.841	3.702	31.051	0.098	0.944	3000.0
247	9.034	33.663	3.648	33.013	0.122	0.932	3000.0
248	7.805	29.069	3.423	28.192	0.109	0.949	3000.0
249	10.239	38.113	4.416	35.885	0.138	0.924	3000.0
250	9.093	34.093	3.939	34.116	0.124	0.933	2000.0
251	10.348	38.687	4.477	37.711	0.137	0.913	2000.0
252	8.745	32.666	3.524	29.956	0.113	0.947	2000.0
253	8.78	32.83	3.567	28.776	0.123	0.952	3000.0
254	8.844	33.027	3.581	30.853	0.115	0.945	6000.0
255	10.84	40.579	4.616	39.115	0.151	0.909	3000.0
256	8.33	31.194	3.522	30.887	0.13	0.942	3000.0
257	9.504	35.631	3.794	34.006	0.157	0.929	6000.0
258	8.693	32.469	3.593	31.089	0.122	0.945	2000.0
259	8.063	29.989	3.28	28.156	0.11	0.952	3000.0
260	8.52	31.493	3.694	29.981	0.107	0.942	2000.0
261	8.819	33.254	3.874	31.775	0.131	0.934	3000.0
262	9.953	37.043	4.126	32.43	0.126	0.94	2000.0
263	9.13	34.125	3.74	32.387	0.137	0.932	2000.0
264	10.835	40.948	4.511	38.499	0.181	0.906	3000.0
265	10.434	38.869	4.238	36.279	0.152	0.918	2000.0
266	7.395	27.552	2.994	25.373	0.093	0.964	2000.0
267	9.351	34.64	4.028	33.57	0.122	0.927	2000.0
268	9.28	34.662	3.685	32.023	0.133	0.938	3000.0
269	11.242	42.183	4.62	38.62	0.182	0.908	3000.0
270	8.335	31.209	3.269	28.286	0.118	0.946	3000.0
271	10.046	37.723	4.592	36.68	0.16	0.918	4000.0
272	10.568	39.296	4.586	36.296	0.148	0.926	4000.0
273	7.494	28.134	2.967	25.939	0.087	0.959	2000.0
274	10.122	37.674	4.243	35.782	0.137	0.92	2000.0
275	8.072	30.093	3.504	29.008	0.109	0.947	2000.0
276	8.735	32.313	3.609	31.187	0.105	0.939	3000.0
277	8.773	33.028	3.623	31.918	0.12	0.938	2000.0
278	9.324	34.984	3.798	32.282	0.124	0.94	2000.0
279	8.66	32.225	3.692	30.277	0.122	0.939	4000.0
280	9.246	34.382	3.79	31.267	0.129	0.937	3000.0
281	8.748	32.864	3.559	29.322	0.128	0.945	3000.0
282	7.602	28.271	3.452	27.893	0.107	0.955	5000.0
283	7.993	29.699	3.321	28.351	0.097	0.954	6000.0
284	6.377	23.994	2.69	23.955	0.068	0.962	3000.0
285	8.056	30.172	3.643	30.869	0.099	0.941	4000.0
286	8.342	31.33	3.244	28.123	0.133	0.948	3000.0
287	7.638	28.506	3.16	27.602	0.097	0.957	2000.0
288	8.13	30.24	3.449	28.68	0.125	0.945	4000.0
289	7.651	28.655	3.197	25.777	0.104	0.961	4000.0
290	9.444	35.168	4.023	33.687	0.125	0.929	2000.0
291	9.437	35.157	3.923	33.02	0.132	0.931	3000.0
292	8.732	32.731	3.51	31.069	0.115	0.944	2000.0
293	9.708	36.122	4.057	33.772	0.148	0.928	3000.0
294	8.458	31.839	3.521	29.509	0.123	0.948	3000.0
295	10.093	37.472	4.305	35.644	0.138	0.919	2000.0
296	11.048	41.228	4.715	38.557	0.16	0.916	3000.0
297	8.631	32.29	3.642	29.766	0.093	0.947	4000.0
298	8.73	32.595	3.683	31.268	0.117	0.94	2000.0
299	8.515	31.609	3.729	31.759	0.09	0.941	3000.0
300	8.344	31.369	3.62	29.519	0.122	0.944	3000.0
301	9.252	34.376	3.994	33.404	0.14	0.937	3000.0
302	10.14	38.206	4.015	34.592	0.165	0.928	3000.0
303	9.951	36.893	4.385	35.771	0.135	0.924	3000.0
304	9.355	35.179	3.975	33.113	0.138	0.929	2000.0
305	9.081	34.112	3.874	33.246	0.117	0.932	2000.0
306	7.903	29.311	3.356	29.092	0.108	0.944	3000.0
307	8.621	32.446	3.61	29.616	0.129	0.951	2000.0
308	5.983	22.292	2.426	22.457	0.069	0.97	4000.0
309	9.608	35.861	4.063	34.498	0.118	0.929	3000.0
310	8.64	32.354	3.646	29.98	0.117	0.94	2000.0
311	11.663	42.971	4.931	39.595	0.168	0.897	2000.0
312	8.53	31.55	3.813	30.961	0.115	0.94	2000.0
313	9.034	33.447	3.768	30.997	0.127	0.937	8000.0
314	8.785	32.667	3.772	31.141	0.117	0.938	4000.0
315	9.637	35.804	3.921	32.455	0.122	0.935	4000.0
316	10.149	37.992	4.135	34.06	0.156	0.928	2000.0
317	8.444	31.577	3.778	31.376	0.097	0.948	3000.0
318	8.924	33.252	3.781	32.552	0.124	0.934	2000.0
319	8.768	32.57	3.651	30.177	0.115	0.945	5000.0
320	8.611	32.224	3.408	28.942	0.112	0.951	3000.0
321	8.284	31.12	3.262	28.367	0.119	0.953	3000.0
322	7.984	29.694	3.249	26.435	0.107	0.957	4000.0
323	8.347	31.287	3.46	29.591	0.124	0.937	5000.0
324	10.07	37.34	4.246	35.356	0.129	0.915	2000.0
325	7.201	26.655	2.964	26.422	0.091	0.956	3000.0
326	8.376	31.237	3.337	28.547	0.114	0.949	8000.0
327	7.714	28.768	3.178	28.023	0.085	0.952	3000.0
328	9.698	36.223	4.185	36.252	0.139	0.917	2000.0
329	7.838	29.218	3.235	27.226	0.103	0.956	4000.0
330	8.561	32.012	3.823	33.403	0.139	0.924	4000.0
331	9.309	34.644	3.744	31.941	0.126	0.941	2000.0
332	7.134	26.571	2.967	26.242	0.076	0.955	2000.0
333	6.974	26.088	2.939	24.26	0.107	0.964	3000.0
334	10.622	39.583	4.523	36.772	0.159	0.924	3000.0
335	9.806	36.42	4.124	35.127	0.14	0.922	2000.0
336	9.285	34.564	3.798	30.146	0.151	0.948	2000.0
337	7.799	29.404	3.24	27.576	0.144	0.946	3000.0
338	9.481	35.129	4.152	34.096	0.115	0.928	2000.0
339	9.725	36.389	4.331	37.586	0.143	0.908	3000.0
340	9.586	35.844	3.824	32.327	0.138	0.94	4000.0
341	8.903	33.21	4.118	32.664	0.117	0.934	2000.0
342	9.531	35.848	3.936	34.322	0.134	0.923	2000.0
343	10.213	38.096	4.509	36.914	0.17	0.908	3000.0
344	9.407	35.015	3.975	33.158	0.132	0.939	4000.0
345	8.918	33.491	3.755	31.945	0.164	0.915	4000.0
346	9.038	33.718	3.814	30.877	0.129	0.943	5000.0
347	8.581	32.019	3.442	28.93	0.11	0.95	5000.0
348	8.721	32.713	3.663	31.417	0.129	0.933	2000.0
349	9.512	35.593	4.177	32.802	0.15	0.931	2000.0
350	8.751	32.685	3.62	31.286	0.108	0.942	2000.0
351	8.422	31.53	3.302	28.638	0.118	0.947	3000.0
352	9.32	34.697	3.837	34.133	0.122	0.93	2000.0
353	9.014	33.499	3.866	33.005	0.134	0.933	3000.0
354	8.946	33.398	4.085	32.911	0.126	0.932	3000.0
355	9.697	35.959	4.286	36.121	0.115	0.917	4000.0
356	7.679	28.492	3.291	26.966	0.092	0.955	2000.0
357	8.509	31.692	3.411	28.478	0.127	0.942	2000.0
358	9.961	37.082	4.2	34.37	0.147	0.935	3000.0
359	10.136	37.762	4.576	36.168	0.145	0.919	2000.0
360	9.789	36.468	3.981	35.528	0.138	0.924	2000.0
361	7.66	28.765	3.612	30.758	0.121	0.943	9000.0
362	9.543	35.546	3.825	33.433	0.137	0.934	4000.0
363	9.729	36.207	4.205	36.157	0.143	0.916	2000.0
364	8.083	30.252	3.263	28.495	0.111	0.949	4000.0
365	10.087	37.682	4.319	37.105	0.139	0.916	2000.0
366	9.992	37.294	4.076	33.694	0.151	0.929	3000.0
367	8.665	32.264	3.423	29.379	0.108	0.945	2000.0
368	7.762	28.991	3.306	28.115	0.107	0.953	3000.0
369	7.589	28.566	3.147	26.341	0.105	0.959	5000.0
370	8.102	30.452	3.522	29.454	0.119	0.944	2000.0
371	10.15	38.14	4.345	37.202	0.155	0.913	2000.0
372	9.576	35.643	4.089	35.241	0.134	0.928	4000.0
373	8.38	31.045	3.702	32.108	0.109	0.921	3000.0
374	8.947	33.224	3.976	33.603	0.125	0.934	4000.0
375	8.51	31.883	3.593	31.581	0.096	0.934	3000.0
376	8.402	31.344	3.357	29.15	0.105	0.944	3000.0
377	8.936	33.501	3.752	33.115	0.147	0.93	4000.0
378	10.097	37.908	3.983	35.083	0.145	0.916	3000.0
379	9.391	34.986	4.219	34.386	0.138	0.928	3000.0
380	9.215	34.445	3.702	31.664	0.117	0.939	3000.0
381	8.715	32.673	3.69	30.828	0.121	0.946	2000.0
382	8.729	32.892	3.846	30.979	0.124	0.942	2000.0
383	9.559	35.849	3.977	33.237	0.156	0.924	4000.0
384	10.353	38.925	4.501	36.222	0.148	0.919	3000.0
385	9.026	33.763	3.655	33.026	0.119	0.932	4000.0
386	7.859	29.194	3.229	27.432	0.097	0.951	3000.0
387	8.65	32.361	3.948	32.385	0.115	0.935	5000.0
388	7.863	29.376	3.369	26.838	0.108	0.953	3000.0
389	9.167	34.206	3.795	32.026	0.126	0.941	4000.0
390	11.204	41.696	4.701	38.592	0.177	0.907	4000.0
391	7.84	29.391	3.085	26.437	0.116	0.957	2000.0
392	10.099	37.482	4.361	35.665	0.13	0.926	2000.0
393	8.413	31.278	3.599	30.517	0.107	0.944	4000.0
394	8.792	32.952	3.667	30.379	0.134	0.944	3000.0
395	9.46	35.586	4.044	33.876	0.139	0.929	2000.0
396	7.466	27.982	3.128	26.715	0.093	0.955	3000.0
397	10.14	38.084	4.423	36.036	0.155	0.922	2000.0
398	7.665	28.713	3.411	28.908	0.101	0.949	2000.0
399	8.555	32.092	3.553	30.53	0.12	0.936	2000.0
400	9.39	35.092	4.068	34.153	0.128	0.933	4000.0
401	10.394	39.027	4.35	35.173	0.168	0.926	4000.0
402	8.676	32.306	3.643	28.801	0.126	0.952	4000.0
403	9.102	34.063	3.698	31.791	0.128	0.938	3000.0
404	9.913	36.948	4.203	34.996	0.151	0.929	5000.0
405	7.861	29.385	3.243	28.189	0.106	0.952	2000.0
406	9.526	35.486	4.059	33.753	0.14	0.935	6000.0
407	7.406	27.59	3.277	28.121	0.081	0.955	2000.0
408	10.873	40.407	4.674	38.648	0.154	0.911	2000.0
409	9.922	36.886	4.109	35.365	0.122	0.929	2000.0
410	8.896	32.973	3.929	30.337	0.118	0.94	2000.0
411	9.946	36.973	4.043	34.109	0.136	0.931	2000.0
412	8.048	29.813	3.776	30.24	0.111	0.946	3000.0
413	8.985	33.623	3.845	31.825	0.14	0.934	4000.0
414	8.731	32.619	3.451	28.96	0.129	0.951	3000.0
415	9.078	33.598	3.787	30.643	0.145	0.945	3000.0
416	7.528	28.117	3.398	28.279	0.089	0.943	3000.0
417	8.155	30.235	3.709	31.636	0.097	0.945	3000.0
418	9.41	35.295	4.275	35.562	0.136	0.913	2000.0
419	10.764	40.126	4.627	38.256	0.164	0.915	2000.0
420	8.249	30.658	3.442	27.409	0.118	0.957	2000.0
421	9.55	35.624	3.715	31.608	0.138	0.936	3000.0
422	8.673	32.726	3.737	32.49	0.116	0.935	3000.0
423	8.308	30.871	3.478	29.112	0.099	0.948	3000.0
424	8.737	32.691	3.579	30.759	0.116	0.941	2000.0
425	9.042	33.648	3.878	30.919	0.135	0.938	3000.0
426	10.025	37.72	4.201	36.649	0.152	0.911	3000.0
427	8.075	30.196	3.404	29.742	0.107	0.947	3000.0
428	7.374	27.609	3.2	25.868	0.092	0.96	8000.0
429	8.375	31.369	3.453	28.239	0.129	0.955	2000.0
430	9.267	34.404	3.74	32.003	0.127	0.939	2000.0
431	8.012	30.112	3.265	27.288	0.104	0.954	3000.0
432	8.98	33.719	3.689	30.788	0.149	0.944	8000.0
433	7.254	27.018	2.93	25.753	0.097	0.956	2000.0
434	9.175	34.331	3.922	31.17	0.133	0.93	2000.0
435	9.046	33.94	3.964	33.718	0.146	0.93	3000.0
436	9.664	35.985	3.949	34.59	0.166	0.928	3000.0
437	10.245	38.249	4.511	35.944	0.153	0.929	4000.0
438	8.257	30.721	3.354	30.553	0.09	0.941	2000.0
439	9.517	35.449	4.086	35.107	0.105	0.922	2000.0
440	8.018	30.047	3.213	27.558	0.105	0.95	5000.0
441	9.944	37.44	4.099	35.319	0.162	0.91	2000.0
442	8.603	32.277	3.508	30.842	0.103	0.943	4000.0
443	8.761	32.909	3.598	29.679	0.137	0.943	3000.0
444	9.25	34.49	3.749	31.692	0.126	0.941	4000.0
445	9.283	34.544	3.894	33.348	0.12	0.925	2000.0
446	8.201	30.7	3.383	27.964	0.114	0.95	2000.0
447	8.786	32.695	3.793	32.932	0.124	0.928	4000.0
448	11.059	41.309	4.562	37.381	0.159	0.916	3000.0
449	9.94	37.318	4.153	37.446	0.154	0.91	4000.0
450	9.225	34.454	3.755	33.112	0.122	0.931	2000.0
451	9.618	35.958	4.435	36.51	0.125	0.921	4000.0
452	9.558	35.76	4.192	33.773	0.121	0.932	3000.0
453	7.958	29.545	3.442	28.616	0.116	0.948	2000.0
454	9.743	36.257	3.963	32.895	0.15	0.933	2000.0
455	8.94	33.187	3.64	31.69	0.13	0.933	3000.0
456	8.481	31.599	3.65	29.609	0.115	0.951	4000.0
457	8.997	33.435	3.789	30.329	0.113	0.943	2000.0
458	10.309	38.254	4.436	35.783	0.155	0.921	2000.0
459	8.859	33.322	3.689	30.665	0.134	0.939	4000.0
460	9.172	34.12	3.899	32.904	0.121	0.936	2000.0
461	9.413	35.255	3.851	33.02	0.139	0.932	3000.0
462	10.535	39.312	4.377	37.158	0.149	0.924	4000.0
463	9.169	34.473	3.881	33.781	0.129	0.931	3000.0
464	7.613	28.183	3.144	26.522	0.097	0.958	3000.0
465	8.059	30.051	3.689	30.379	0.101	0.946	3000.0
466	8.11	30.156	3.475	28.841	0.101	0.952	4000.0
467	9.686	36.434	3.836	33.969	0.137	0.922	3000.0
468	6.784	25.304	2.868	22.948	0.088	0.963	4000.0
469	8.615	32.158	3.46	29.996	0.118	0.944	4000.0
470	7.257	27.041	2.998	25.483	0.08	0.962	2000.0
471	7.462	27.903	3.077	24.51	0.104	0.965	2000.0
472	10.225	38.416	4.303	36.087	0.14	0.923	3000.0
473	8.807	32.837	3.726	30.218	0.108	0.948	3000.0
474	8.996	33.307	3.523	29.554	0.133	0.947	4000.0
475	7.959	29.732	3.255	28.806	0.115	0.94	3000.0
476	9.185	34.039	3.795	33.894	0.137	0.918	2000.0
477	8.939	32.904	4.271	32.189	0.117	0.934	2000.0
478	8.342	31.387	3.436	28.839	0.125	0.948	4000.0
479	6.41	24.171	2.727	23.998	0.082	0.963	3000.0
480	10.008	37.196	4.114	33.845	0.13	0.937	5000.0
481	8.626	32.179	3.676	30.823	0.113	0.943	4000.0
482	9.347	34.915	3.905	33.707	0.12	0.93	3000.0
483	9.442	35.424	4.022	33.53	0.124	0.927	2000.0
484	9.427	34.808	4.076	35.311	0.111	0.925	4000.0
485	8.839	33.134	3.665	31.078	0.129	0.936	2000.0
486	8.524	31.716	3.44	31.112	0.101	0.942	3000.0
487	7.857	29.407	3.28	27.796	0.105	0.954	5000.0
488	9.615	35.825	3.971	33.199	0.133	0.934	3000.0
489	10.923	40.731	4.831	38.151	0.153	0.905	3000.0
490	8.99	33.399	3.901	32.856	0.118	0.933	2000.0
491	10.037	37.499	4.307	36.148	0.133	0.921	2000.0
492	10.041	37.462	4.231	35.543	0.148	0.927	4000.0
493	8.024	29.983	3.427	30.238	0.107	0.94	5000.0
494	9.464	35.352	3.784	32.643	0.149	0.931	3000.0
495	9.027	33.819	3.676	32.637	0.12	0.931	2000.0
496	8.902	33.254	3.818	31.662	0.13	0.934	2000.0
497	8.408	31.246	3.52	29.058	0.108	0.947	4000.0
498	8.388	31.281	3.284	28.63	0.111	0.952	3000.0
499	9.291	34.587	4.018	34.805	0.133	0.936	3000.0
500	8.347	31.139	3.489	28.72	0.125	0.946	4000.0
