MutationType	SV32A	SV32B	SV32C	SV32D	SV32E	SV32F	SV32G
clustered_del_1-10Kb	5.899141978488842e-06	5.476627320583349e-06	5.3178653034322566e-06	5.316702912296056e-06	4.839902352243938e-06	5.739623585213849e-06	5.545174410658483e-06
clustered_del_10-100Kb	5.899141984855305e-06	5.476627305974147e-06	5.317865286649237e-06	5.31670290820333e-06	4.839902346782168e-06	5.739623603403743e-06	5.545174462044934e-06
clustered_del_100Kb-1Mb	5.899142006683178e-06	5.476627278217517e-06	5.317865207111083e-06	5.316702866821321e-06	4.8399023689637585e-06	5.739623646149994e-06	5.545174629164586e-06
clustered_del_1Mb-10Mb	5.8991419684844e-06	5.476627332771933e-06	5.3178653473722194e-06	5.316702936852413e-06	4.839902334043747e-06	5.73962356611446e-06	5.545174320192182e-06
clustered_del_>10Mb	5.899141989402778e-06	5.4766273055594784e-06	5.317865269688582e-06	5.3167028904681834e-06	4.839902363044909e-06	5.739623607951216e-06	5.5451744991921086e-06
clustered_tds_1-10Kb	5.899141944837538e-06	5.476627355542773e-06	5.317865413935863e-06	5.316702980962906e-06	4.8399023087474815e-06	5.739623529734672e-06	5.545174164554902e-06
clustered_tds_10-100Kb	5.8991419803078315e-06	5.4766273122923706e-06	5.317865290528801e-06	5.316702909567572e-06	4.8399023485030695e-06	5.7396235979467745e-06	5.545174435669588e-06
clustered_tds_100Kb-1Mb	5.8991419803078315e-06	5.47662731374593e-06	5.317865293122282e-06	5.316702910477067e-06	4.839902345063626e-06	5.739623599765764e-06	5.545174435953805e-06
clustered_tds_1Mb-10Mb	5.899141984855305e-06	5.4766273114524866e-06	5.31786528661371e-06	5.316702905929593e-06	4.839902346894911e-06	5.739623604313238e-06	5.54517445050572e-06
clustered_tds_>10Mb	5.899141981217326e-06	5.476627315592841e-06	5.317865297556068e-06	5.316702910477067e-06	4.8399023468744e-06	5.739623598856269e-06	5.545174431491597e-06
clustered_inv_1-10Kb	5.899141921190676e-06	5.47662738873983e-06	5.3178654940069236e-06	5.316703019616431e-06	4.839902296759294e-06	5.739623476074485e-06	5.545173993740428e-06
clustered_inv_10-100Kb	5.899141984855305e-06	5.476627309630777e-06	5.317865280325407e-06	5.316702902291614e-06	4.839902351794048e-06	5.7396236052227324e-06	5.5451744624996814e-06
clustered_inv_100Kb-1Mb	5.899141967574906e-06	5.476627333256934e-06	5.317865342902905e-06	5.3167029391261495e-06	4.839902334137061e-06	5.7396235679334495e-06	5.545174315729974e-06
clustered_inv_1Mb-10Mb	5.899141993040758e-06	5.476627301375547e-06	5.317865265062949e-06	5.3167028977441406e-06	4.839902351785333e-06	5.739623609770206e-06	5.545174505160668e-06
clustered_inv_>10Mb	5.8991419730318735e-06	5.4766273186371284e-06	5.31786531936973e-06	5.316702926393224e-06	4.8399023397213715e-06	5.739623584304354e-06	5.545174387807429e-06
clustered_trans	5.899141979398337e-06	5.4766273150829155e-06	5.317865306246006e-06	5.3167029132055505e-06	4.839902346627514e-06	5.739623591580311e-06	5.5451744115964005e-06
non-clustered_del_1-10Kb	0.009942094136096884	0.05961357672830286	0.030403337176396705	0.024440216517350833	0.013023921845705576	0.04964259528071407	0.03269491985131943
non-clustered_del_10-100Kb	0.008757915324970535	0.012592326550058748	0.015351926408086044	0.037288356199370466	0.28073018667317773	0.01914039884637134	0.009523215855594075
non-clustered_del_100Kb-1Mb	0.008822957264632877	0.03422482652361944	0.07280083291670389	0.011278118247558368	0.016193986801335276	0.049896392176556004	0.02842880344435252
non-clustered_del_1Mb-10Mb	0.014497964718923867	0.018100838148042236	0.17042438904595508	0.0283618607092839	0.020191108707793518	0.027874476720041928	0.06254467888789003
non-clustered_del_>10Mb	0.8585731269717216	0.5062306779337855	0.25745310709281183	0.24508519293306308	0.4205067841233707	0.10464424924704772	0.6268442600220442
non-clustered_tds_1-10Kb	0.0005318985002347491	0.008401469168309042	0.02241745282873348	0.012478536742451314	0.009608526648082533	0.009844667820061898	0.007846447076992022
non-clustered_tds_10-100Kb	0.014679904152366195	0.02621529171793839	0.010014276369944838	0.0058175699680512935	0.008589737448101722	0.005461679800691911	0.040158497769501325
non-clustered_tds_100Kb-1Mb	0.0029668131581087735	0.01388793209090833	0.01733407072275198	0.05778853406824006	0.007875138945064796	0.019237558523400804	0.007059862164312923
non-clustered_tds_1Mb-10Mb	0.004926513786876038	0.02796253321769348	0.018798536920561652	0.017724586022715164	0.014890260068431072	0.022850136034876074	0.014438059774939288
non-clustered_tds_>10Mb	0.02791127159312668	0.014711564495903502	0.009284611067790728	0.2757587220419415	0.05232461427530755	0.010051347463665428	0.045869723331683675
non-clustered_inv_1-10Kb	5.899141930285623e-06	5.476627376011123e-06	5.317865472235894e-06	5.316703005519263e-06	4.839902296892381e-06	5.739623496992863e-06	5.545174040863623e-06
non-clustered_inv_10-100Kb	5.899141981217326e-06	5.476627309137283e-06	5.3178652832954755e-06	5.316702905929593e-06	4.839902353924233e-06	5.739623601584754e-06	5.545174469150361e-06
non-clustered_inv_100Kb-1Mb	5.89914200122621e-06	5.476627288678759e-06	5.31786522186195e-06	5.316702871368794e-06	4.83990236800064e-06	5.739623637055047e-06	5.545174585622527e-06
non-clustered_inv_1Mb-10Mb	5.8991419857648e-06	5.4766273078043495e-06	5.317865277419287e-06	5.3167029018368665e-06	4.8399023520349385e-06	5.739623608860711e-06	5.545174471253568e-06
non-clustered_inv_>10Mb	5.8991419721223795e-06	5.476627327792194e-06	5.31786532693701e-06	5.316702934123929e-06	4.839902337235749e-06	5.739623573390418e-06	5.545174330992432e-06
non-clustered_trans	0.0482656566629089	0.2779439468403965	0.37560578181298476	0.28386664922705834	0.15596409640702102	0.6812359679937409	0.12447508471427368
