NMF_Replicate	L1	L1 %	L2	L2 %	KL Divergence	Correlation	Convergence Iterations
1	2.913	16.686	1.518	13.346	0.047	0.991	6000.0
2	3.359	19.178	1.705	15.673	0.1	0.983	2000.0
3	2.009	11.146	1.178	10.518	0.06	0.991	2000.0
4	3.834	22.024	1.965	18.556	0.056	0.979	5000.0
5	2.802	15.896	1.37	12.871	0.053	0.991	5000.0
6	1.829	10.384	0.88	7.593	0.036	0.997	3000.0
7	3.733	20.73	1.695	16.246	0.085	0.985	4000.0
8	2.468	14.079	1.246	11.924	0.055	0.991	3000.0
9	2.813	15.845	1.377	11.995	0.052	0.993	4000.0
10	2.295	12.661	1.222	10.809	0.06	0.994	28000.0
11	2.825	15.762	1.434	12.729	0.059	0.99	2000.0
12	3.388	19.606	1.736	16.528	0.083	0.982	5000.0
13	2.784	15.438	1.501	14.495	0.074	0.983	4000.0
14	2.863	16.117	1.321	11.85	0.076	0.992	3000.0
15	2.893	15.962	1.445	13.562	0.046	0.987	3000.0
16	3.256	18.248	1.561	14.84	0.063	0.987	4000.0
17	2.084	11.905	1.108	9.822	0.047	0.995	7000.0
18	3.176	18.127	1.525	15.066	0.073	0.988	4000.0
19	2.121	11.902	1.089	9.136	0.032	0.996	10000.0
20	2.64	15.11	1.464	12.978	0.073	0.99	3000.0
21	2.059	11.22	1.044	9.644	0.049	0.993	5000.0
22	2.618	14.612	1.316	12.043	0.047	0.991	3000.0
23	3.005	16.827	1.614	14.162	0.059	0.989	2000.0
24	3.505	19.479	1.754	17.255	0.087	0.983	4000.0
25	3.069	17.62	1.722	15.328	0.046	0.983	5000.0
26	2.314	12.927	1.177	10.615	0.05	0.995	2000.0
27	3.079	17.697	1.459	14.075	0.059	0.988	3000.0
28	1.77	9.807	0.87	7.636	0.032	0.997	5000.0
29	2.81	15.782	1.338	11.964	0.058	0.991	3000.0
30	3.345	18.954	1.564	15.515	0.071	0.984	2000.0
31	3.893	21.825	1.949	17.437	0.072	0.985	4000.0
32	2.591	15.037	1.247	11.198	0.063	0.992	4000.0
33	2.671	15.167	1.292	11.596	0.045	0.992	3000.0
34	2.238	12.857	1.148	10.167	0.036	0.996	3000.0
35	3.92	21.908	1.933	18.003	0.096	0.985	4000.0
36	2.891	16.158	1.446	13.385	0.058	0.991	2000.0
37	3.083	17.356	1.608	13.954	0.061	0.988	3000.0
38	1.859	10.396	1.021	9.331	0.034	0.994	2000.0
39	2.777	15.221	1.345	12.446	0.063	0.989	4000.0
40	2.4	13.324	1.254	11.007	0.059	0.992	2000.0
41	2.61	14.341	1.228	11.462	0.064	0.991	3000.0
42	2.285	13.076	1.16	10.737	0.042	0.992	3000.0
43	3.671	20.809	1.863	16.194	0.076	0.981	4000.0
44	3.363	18.816	1.626	15.597	0.058	0.984	30000.0
45	4.459	25.506	2.325	21.09	0.088	0.973	2000.0
46	2.835	16.056	1.476	13.715	0.063	0.989	3000.0
47	2.629	14.726	1.314	12.261	0.057	0.991	3000.0
48	2.043	11.508	1.082	10.027	0.043	0.993	3000.0
49	2.667	15.408	1.448	14.097	0.047	0.985	5000.0
50	2.588	15.17	1.358	11.939	0.07	0.992	3000.0
51	3.208	17.579	1.674	15.214	0.055	0.986	3000.0
52	3.514	19.605	1.781	16.145	0.078	0.985	3000.0
53	2.675	14.381	1.393	11.998	0.049	0.99	4000.0
54	3.362	19.129	1.658	14.947	0.068	0.987	4000.0
55	2.573	14.175	1.407	12.809	0.066	0.99	20000.0
56	3.357	19.037	1.732	15.356	0.081	0.984	2000.0
57	3.372	19.012	1.718	14.82	0.072	0.988	3000.0
58	3.731	21.219	1.85	16.778	0.071	0.985	10000.0
59	3.242	18.429	1.628	15.372	0.053	0.987	3000.0
60	2.283	13.08	1.102	9.888	0.047	0.996	3000.0
61	2.3	13.349	1.307	12.844	0.046	0.988	5000.0
62	2.599	14.827	1.318	12.876	0.065	0.989	3000.0
63	2.237	12.556	1.15	10.986	0.064	0.988	3000.0
64	1.801	10.309	0.936	8.552	0.034	0.996	3000.0
65	2.548	14.32	1.37	12.468	0.035	0.991	4000.0
66	2.208	12.6	1.168	10.366	0.051	0.993	2000.0
67	2.142	11.928	1.161	10.499	0.052	0.992	5000.0
68	3.566	20.284	1.933	17.322	0.072	0.982	2000.0
69	3.495	19.578	1.764	17.016	0.066	0.983	2000.0
70	1.595	8.729	0.901	7.959	0.038	0.995	6000.0
71	1.558	8.474	0.845	7.397	0.047	0.996	2000.0
72	2.061	11.512	0.986	8.505	0.049	0.996	7000.0
73	2.995	17.038	1.482	13.403	0.069	0.991	19000.0
74	3.454	19.373	1.64	16.151	0.068	0.984	3000.0
75	4.312	24.396	2.321	21.497	0.088	0.972	6000.0
76	3.663	21.273	2.084	18.799	0.072	0.97	2000.0
77	2.796	15.115	1.505	13.208	0.046	0.987	2000.0
78	2.943	17.264	1.615	15.306	0.051	0.982	3000.0
79	2.667	14.574	1.3	11.464	0.052	0.992	4000.0
80	2.42	13.575	1.172	10.369	0.052	0.994	3000.0
81	2.971	16.833	1.445	14.225	0.057	0.988	5000.0
82	2.046	11.639	1.054	9.352	0.039	0.994	6000.0
83	3.12	17.507	1.539	13.639	0.066	0.99	3000.0
84	4.01	22.42	1.891	18.646	0.094	0.98	3000.0
85	2.237	12.926	1.291	11.521	0.064	0.991	6000.0
86	3.464	18.894	1.721	16.773	0.09	0.98	6000.0
87	2.846	15.681	1.438	13.496	0.059	0.989	5000.0
88	2.94	16.444	1.491	13.795	0.071	0.989	6000.0
89	3.346	18.691	1.65	14.797	0.075	0.99	3000.0
90	1.978	11.158	1.092	9.649	0.042	0.994	3000.0
91	3.305	18.699	1.695	15.137	0.054	0.987	4000.0
92	3.132	17.594	1.567	14.573	0.079	0.988	2000.0
93	2.675	14.63	1.355	12.545	0.051	0.989	3000.0
94	3.615	20.543	1.898	17.68	0.056	0.984	5000.0
95	3.236	17.884	1.687	14.888	0.072	0.987	2000.0
96	2.846	15.759	1.418	13.479	0.052	0.992	2000.0
97	2.747	15.437	1.234	11.172	0.068	0.993	5000.0
98	3.691	20.679	1.822	15.938	0.07	0.986	3000.0
99	2.854	16.111	1.397	13.613	0.044	0.987	2000.0
100	3.373	18.674	1.646	14.633	0.074	0.986	4000.0
101	3.146	18.031	1.572	13.916	0.065	0.989	2000.0
102	3.15	18.156	1.51	13.461	0.071	0.989	2000.0
103	2.377	13.644	1.3	11.291	0.064	0.991	2000.0
104	2.547	13.952	1.22	11.177	0.05	0.992	6000.0
105	2.221	12.509	1.217	11.269	0.048	0.991	2000.0
106	1.3	7.051	0.594	5.631	0.025	0.997	19000.0
107	3.009	16.499	1.438	12.686	0.068	0.988	2000.0
108	3.571	20.71	1.86	17.207	0.077	0.984	6000.0
109	2.191	12.569	1.181	11.606	0.04	0.989	4000.0
110	2.268	12.631	1.226	11.204	0.054	0.991	11000.0
111	3.234	17.96	1.638	14.795	0.067	0.985	2000.0
112	2.824	15.637	1.352	11.576	0.07	0.992	4000.0
113	4.36	24.465	2.161	20.668	0.088	0.973	3000.0
114	3.113	17.665	1.653	14.878	0.084	0.985	2000.0
115	3.171	17.304	1.558	14.446	0.052	0.986	2000.0
116	2.397	13.249	1.183	10.179	0.047	0.994	2000.0
117	2.416	13.443	1.167	9.751	0.053	0.995	2000.0
118	2.676	14.742	1.43	13.329	0.085	0.985	3000.0
119	1.411	8.003	0.832	7.057	0.026	0.996	2000.0
120	2.131	12.157	1.169	11.033	0.037	0.992	2000.0
121	2.899	16.465	1.342	12.706	0.065	0.99	3000.0
122	3.661	20.52	1.901	17.765	0.08	0.981	4000.0
123	4.502	25.722	2.135	20.568	0.092	0.975	2000.0
124	1.962	10.685	1.005	8.726	0.035	0.995	2000.0
125	2.864	15.788	1.565	13.14	0.039	0.991	5000.0
126	2.44	13.893	1.39	12.936	0.06	0.989	2000.0
127	2.179	12.239	1.16	11.081	0.039	0.992	3000.0
128	2.17	12.17	1.055	8.921	0.044	0.996	3000.0
129	2.502	14.032	1.285	11.587	0.041	0.993	2000.0
130	2.067	11.45	1.104	10.699	0.06	0.99	4000.0
131	2.572	14.108	1.318	11.963	0.04	0.991	2000.0
132	2.899	15.817	1.561	14.001	0.045	0.99	6000.0
133	2.674	15.443	1.381	13.463	0.045	0.989	5000.0
134	2.76	15.002	1.385	12.792	0.068	0.989	3000.0
135	4.215	24.463	2.43	21.006	0.067	0.973	3000.0
136	2.839	16.154	1.453	14.119	0.056	0.987	4000.0
137	1.857	10.25	0.936	7.844	0.03	0.996	5000.0
138	2.623	15.274	1.329	12.307	0.044	0.991	7000.0
139	2.413	14.178	1.257	11.139	0.059	0.992	2000.0
140	1.445	7.942	0.886	8.166	0.033	0.995	2000.0
141	3.324	18.375	1.651	16.055	0.075	0.982	2000.0
142	2.958	16.787	1.572	14.45	0.079	0.989	11000.0
143	2.083	11.672	1.051	9.098	0.045	0.996	26000.0
144	2.766	15.276	1.361	12.864	0.063	0.988	3000.0
145	3.413	18.969	1.621	14.932	0.073	0.987	3000.0
146	1.925	10.864	1.075	9.59	0.035	0.994	3000.0
147	2.442	13.844	1.204	10.912	0.044	0.994	2000.0
148	2.214	12.155	1.187	10.369	0.055	0.993	5000.0
149	1.389	7.78	0.711	6.687	0.031	0.997	8000.0
150	2.515	13.98	1.22	10.746	0.047	0.993	3000.0
151	2.907	16.384	1.479	13.841	0.066	0.989	2000.0
152	3.369	18.741	1.665	15.414	0.072	0.986	7000.0
153	1.809	10.064	0.941	8.644	0.026	0.996	2000.0
154	2.517	14.132	1.4	13.682	0.053	0.987	3000.0
155	3.304	18.546	1.728	16.231	0.065	0.98	3000.0
156	3.056	17.449	1.409	11.866	0.069	0.993	4000.0
157	3.01	17.074	1.42	13.135	0.058	0.991	4000.0
158	2.94	16.701	1.477	13.421	0.054	0.987	8000.0
159	3.656	20.978	1.783	17.528	0.067	0.979	4000.0
160	2.181	11.972	1.104	9.658	0.062	0.992	22000.0
161	2.961	16.973	1.546	15.881	0.082	0.981	3000.0
162	3.767	21.163	1.812	16.544	0.085	0.985	2000.0
163	1.847	10.44	1.149	10.196	0.046	0.992	7000.0
164	2.453	13.577	1.158	10.085	0.065	0.994	18000.0
165	2.437	13.65	1.246	10.781	0.056	0.994	2000.0
166	2.644	14.793	1.289	11.34	0.06	0.992	8000.0
167	2.79	15.816	1.357	13.206	0.062	0.989	10000.0
168	2.383	13.41	1.341	12.253	0.037	0.99	2000.0
169	2.875	16.088	1.441	13.195	0.061	0.99	5000.0
170	2.83	15.792	1.41	12.602	0.068	0.991	4000.0
171	2.85	16.223	1.457	12.997	0.055	0.989	6000.0
172	4.035	22.823	1.904	17.997	0.087	0.982	4000.0
173	2.687	15.59	1.324	12.468	0.065	0.991	3000.0
174	3.261	18.734	1.743	16.167	0.063	0.983	5000.0
175	2.247	12.477	1.225	10.655	0.039	0.993	2000.0
176	3.107	17.465	1.48	13.845	0.077	0.989	4000.0
177	4.107	23.178	1.96	18.096	0.101	0.978	2000.0
178	2.71	15.323	1.379	12.894	0.05	0.989	3000.0
179	2.978	17.072	1.58	13.809	0.062	0.988	18000.0
180	2.59	14.511	1.349	12.736	0.058	0.989	2000.0
181	2.83	15.275	1.371	12.711	0.06	0.989	3000.0
182	1.895	10.617	1.036	10.172	0.045	0.989	14000.0
183	2.882	16.351	1.584	14.594	0.06	0.989	4000.0
184	2.68	15.443	1.379	13.36	0.058	0.987	3000.0
185	2.06	11.794	1.045	9.212	0.037	0.995	4000.0
186	1.596	8.535	0.822	7.896	0.047	0.994	3000.0
187	2.603	14.442	1.299	11.769	0.052	0.992	4000.0
188	3.075	17.287	1.483	14.07	0.06	0.989	3000.0
189	2.798	15.566	1.288	11.871	0.062	0.991	4000.0
190	1.826	10.314	0.903	7.809	0.034	0.996	6000.0
191	2.501	13.889	1.231	11.735	0.054	0.99	2000.0
192	2.432	13.349	1.162	10.614	0.07	0.993	3000.0
193	3.383	19.565	1.657	15.477	0.083	0.987	3000.0
194	2.26	12.881	1.143	10.495	0.043	0.993	3000.0
195	2.869	15.891	1.266	11.806	0.059	0.992	4000.0
196	2.955	16.48	1.353	12.456	0.069	0.991	3000.0
197	2.576	14.478	1.304	11.564	0.058	0.991	5000.0
198	3.57	20.222	1.789	16.472	0.062	0.984	4000.0
199	2.232	12.36	1.195	10.727	0.053	0.992	7000.0
200	3.449	20.022	1.743	16.565	0.065	0.978	8000.0
201	2.777	15.503	1.47	13.968	0.068	0.988	42000.0
202	2.175	12.193	1.099	10.4	0.042	0.994	3000.0
203	3.514	19.76	1.671	15.042	0.073	0.988	3000.0
204	2.446	14.0	1.254	11.167	0.037	0.993	3000.0
205	2.679	15.166	1.407	12.679	0.063	0.988	2000.0
206	2.708	14.834	1.242	11.402	0.058	0.992	4000.0
207	2.278	13.078	1.187	11.186	0.052	0.991	3000.0
208	2.89	16.402	1.441	12.448	0.073	0.992	2000.0
209	3.454	19.588	1.75	16.765	0.051	0.982	5000.0
210	2.641	14.608	1.347	12.577	0.059	0.988	3000.0
211	1.616	9.042	0.843	7.279	0.019	0.997	2000.0
212	2.963	17.17	1.534	13.575	0.063	0.99	2000.0
213	2.658	14.735	1.305	12.165	0.055	0.989	7000.0
214	3.408	19.465	1.841	16.166	0.058	0.982	3000.0
215	2.847	16.507	1.445	13.157	0.055	0.989	3000.0
216	3.243	18.525	1.513	15.113	0.066	0.985	3000.0
217	3.413	19.186	1.731	16.466	0.072	0.982	4000.0
218	1.893	10.726	0.944	8.091	0.036	0.997	2000.0
219	1.95	11.019	1.065	9.957	0.039	0.993	5000.0
220	2.075	11.815	0.986	8.323	0.057	0.995	10000.0
221	2.833	15.617	1.296	10.976	0.059	0.994	3000.0
222	2.994	16.502	1.584	14.481	0.061	0.988	4000.0
223	2.377	12.952	1.289	11.739	0.042	0.988	9000.0
224	3.099	16.751	1.579	14.522	0.064	0.987	5000.0
225	1.819	9.91	0.944	8.075	0.031	0.996	3000.0
226	3.441	18.596	1.746	16.112	0.071	0.985	3000.0
227	1.95	10.936	0.999	8.897	0.03	0.996	3000.0
228	2.847	16.279	1.503	14.037	0.05	0.986	3000.0
229	2.545	14.335	1.175	10.668	0.059	0.993	5000.0
230	2.0	11.275	1.074	10.792	0.059	0.991	6000.0
231	2.56	14.647	1.222	10.872	0.053	0.993	6000.0
232	1.964	10.582	0.949	8.529	0.046	0.995	3000.0
233	3.55	19.787	1.72	16.052	0.091	0.983	2000.0
234	1.933	10.809	1.019	9.277	0.038	0.995	4000.0
235	2.45	13.812	1.144	10.152	0.066	0.995	4000.0
236	2.336	12.968	1.18	10.814	0.038	0.993	6000.0
237	2.477	14.015	1.282	12.472	0.064	0.988	6000.0
238	3.227	18.179	1.713	15.746	0.059	0.989	2000.0
239	3.572	19.883	1.741	16.148	0.065	0.984	3000.0
240	3.251	18.223	1.544	13.943	0.077	0.989	4000.0
241	2.636	14.665	1.347	13.379	0.052	0.988	10000.0
242	2.916	16.393	1.438	13.976	0.071	0.985	5000.0
243	2.886	16.007	1.516	14.123	0.064	0.987	4000.0
244	2.922	16.317	1.47	12.666	0.063	0.992	6000.0
245	2.779	15.694	1.388	12.13	0.047	0.991	2000.0
246	3.055	17.327	1.473	12.906	0.068	0.993	6000.0
247	2.428	13.634	1.253	11.151	0.052	0.993	6000.0
248	2.298	12.504	1.147	9.77	0.039	0.993	3000.0
249	2.765	15.768	1.303	11.944	0.062	0.991	3000.0
250	1.882	10.848	0.991	8.91	0.036	0.995	3000.0
251	2.02	11.753	1.038	9.514	0.052	0.994	2000.0
252	3.516	19.931	1.795	17.4	0.073	0.98	4000.0
253	3.8	21.432	1.974	19.483	0.066	0.98	3000.0
254	2.547	14.076	1.263	11.406	0.056	0.991	3000.0
255	2.251	12.434	1.305	10.986	0.054	0.993	2000.0
256	1.784	10.086	0.992	9.046	0.039	0.994	4000.0
257	3.601	20.399	1.94	17.341	0.045	0.985	2000.0
258	2.376	13.157	1.263	11.389	0.052	0.992	6000.0
259	3.263	18.677	1.704	15.76	0.06	0.988	3000.0
260	1.917	10.805	0.91	8.302	0.042	0.997	4000.0
261	2.074	11.476	1.072	10.09	0.045	0.993	8000.0
262	2.962	16.712	1.478	14.186	0.055	0.988	4000.0
263	4.299	24.733	2.157	20.181	0.112	0.975	2000.0
264	2.881	16.223	1.433	12.85	0.064	0.993	4000.0
265	1.929	10.717	0.95	8.07	0.027	0.997	2000.0
266	2.184	12.339	1.163	9.884	0.047	0.994	4000.0
267	2.831	16.244	1.391	12.515	0.061	0.994	2000.0
268	3.383	18.936	1.713	15.275	0.07	0.987	4000.0
269	3.659	21.048	1.947	18.027	0.08	0.98	2000.0
270	2.842	15.772	1.586	13.899	0.05	0.989	6000.0
271	2.67	14.752	1.401	12.641	0.044	0.991	6000.0
272	3.861	21.714	1.909	18.234	0.073	0.981	4000.0
273	3.34	18.448	1.862	16.577	0.048	0.979	7000.0
274	3.027	17.39	1.49	13.122	0.066	0.991	2000.0
275	2.913	16.279	1.452	13.899	0.073	0.988	13000.0
276	2.333	12.785	1.35	12.391	0.025	0.99	2000.0
277	2.996	16.402	1.536	15.105	0.072	0.982	3000.0
278	2.531	14.081	1.384	13.471	0.044	0.988	4000.0
279	2.635	14.79	1.236	11.186	0.056	0.994	5000.0
280	2.82	15.743	1.354	12.256	0.059	0.99	3000.0
281	2.882	16.129	1.416	12.812	0.066	0.99	4000.0
282	3.024	16.953	1.526	13.178	0.058	0.991	2000.0
283	3.84	21.914	2.026	18.337	0.082	0.981	4000.0
284	3.468	19.697	1.744	17.041	0.084	0.98	3000.0
285	1.442	8.104	0.736	6.538	0.033	0.998	2000.0
286	3.006	17.098	1.47	14.713	0.053	0.989	3000.0
287	3.534	20.137	1.781	15.88	0.061	0.988	4000.0
288	3.738	20.964	1.826	16.974	0.09	0.987	3000.0
289	2.748	15.497	1.343	12.592	0.044	0.992	2000.0
290	2.922	16.525	1.452	12.702	0.064	0.992	3000.0
291	1.969	11.21	0.98	8.417	0.049	0.995	3000.0
292	2.879	16.217	1.507	13.435	0.045	0.989	4000.0
293	3.384	18.807	1.663	16.906	0.077	0.982	3000.0
294	1.42	8.019	0.733	6.461	0.022	0.997	3000.0
295	2.406	13.665	1.206	10.836	0.035	0.994	4000.0
296	1.909	10.838	0.958	8.827	0.039	0.995	5000.0
297	4.111	23.11	2.099	20.358	0.083	0.977	3000.0
298	2.89	16.346	1.378	13.304	0.059	0.989	4000.0
299	2.948	16.074	1.375	12.691	0.066	0.988	4000.0
300	4.208	23.59	2.081	18.865	0.09	0.983	6000.0
301	2.842	16.304	1.456	12.972	0.054	0.992	4000.0
302	2.865	16.034	1.381	12.349	0.068	0.992	5000.0
303	3.131	17.42	1.674	15.076	0.075	0.989	2000.0
304	2.266	12.464	1.12	9.259	0.058	0.995	3000.0
305	3.308	18.56	1.689	15.27	0.058	0.988	5000.0
306	2.639	14.551	1.375	12.085	0.064	0.991	5000.0
307	3.06	17.518	1.659	15.144	0.07	0.989	4000.0
308	3.073	17.908	1.595	14.239	0.056	0.989	4000.0
309	2.685	15.326	1.459	13.178	0.039	0.991	2000.0
310	2.655	14.996	1.5	13.687	0.069	0.989	3000.0
311	2.82	15.826	1.414	13.134	0.055	0.99	2000.0
312	2.396	13.568	1.185	10.771	0.036	0.994	4000.0
313	1.819	10.1	0.943	8.633	0.025	0.996	5000.0
314	2.558	14.388	1.519	13.529	0.059	0.991	2000.0
315	3.257	18.591	1.571	14.751	0.074	0.988	3000.0
316	3.165	17.822	1.541	15.083	0.054	0.988	10000.0
317	3.48	19.403	1.619	15.24	0.086	0.985	5000.0
318	2.587	14.599	1.363	12.319	0.043	0.99	3000.0
319	4.312	24.044	2.06	19.587	0.093	0.976	3000.0
320	2.712	15.222	1.434	13.314	0.044	0.99	3000.0
321	2.698	15.438	1.395	13.167	0.058	0.989	4000.0
322	2.343	13.241	1.272	11.506	0.033	0.993	2000.0
323	2.61	15.003	1.358	12.468	0.047	0.991	3000.0
324	3.022	17.306	1.481	13.828	0.069	0.989	3000.0
325	2.862	16.462	1.444	13.123	0.056	0.99	4000.0
326	3.003	16.769	1.498	14.688	0.059	0.985	3000.0
327	3.835	21.826	1.779	17.128	0.071	0.983	4000.0
328	2.718	15.119	1.399	12.32	0.042	0.992	2000.0
329	2.987	16.78	1.63	15.265	0.036	0.983	3000.0
330	3.142	17.578	1.534	14.046	0.051	0.989	4000.0
331	4.221	23.986	2.347	21.9	0.063	0.971	3000.0
332	2.816	15.673	1.329	12.31	0.065	0.991	25000.0
333	3.754	21.137	1.847	17.144	0.076	0.985	4000.0
334	3.748	20.92	1.921	17.689	0.077	0.981	3000.0
335	2.577	14.78	1.401	12.423	0.054	0.992	3000.0
336	3.338	19.247	1.694	15.976	0.06	0.985	5000.0
337	3.936	21.985	1.94	18.47	0.087	0.979	5000.0
338	3.892	21.93	1.946	17.792	0.085	0.982	3000.0
339	5.23	29.974	2.453	23.947	0.119	0.966	3000.0
340	2.477	13.732	1.291	12.029	0.05	0.991	3000.0
341	3.104	18.022	1.643	15.496	0.061	0.984	3000.0
342	3.391	19.359	1.686	15.989	0.075	0.985	31000.0
343	1.65	9.392	0.893	8.204	0.032	0.997	4000.0
344	2.722	15.292	1.391	12.187	0.058	0.992	3000.0
345	2.505	14.04	1.42	12.449	0.065	0.991	7000.0
346	3.187	18.174	1.806	16.017	0.056	0.984	7000.0
347	1.838	10.561	0.966	9.148	0.035	0.994	11000.0
348	2.623	14.594	1.353	12.587	0.062	0.99	4000.0
349	3.044	17.302	1.413	13.332	0.072	0.987	3000.0
350	2.568	14.93	1.38	11.776	0.039	0.993	4000.0
351	3.424	19.229	1.671	15.098	0.076	0.989	3000.0
352	3.673	20.887	1.935	18.983	0.074	0.974	2000.0
353	2.045	11.487	1.033	9.467	0.033	0.993	3000.0
354	2.212	12.181	1.033	9.802	0.047	0.992	20000.0
355	1.71	9.518	0.78	6.906	0.042	0.997	25000.0
356	2.329	13.17	1.234	11.433	0.036	0.992	3000.0
357	3.605	19.816	1.893	17.981	0.06	0.979	2000.0
358	2.8	16.128	1.425	13.575	0.071	0.987	2000.0
359	3.534	20.051	1.901	17.518	0.084	0.983	4000.0
360	3.657	20.824	1.846	16.654	0.085	0.984	3000.0
361	2.844	16.125	1.442	12.846	0.063	0.992	2000.0
362	2.441	13.911	1.164	10.819	0.041	0.994	8000.0
363	2.967	16.514	1.353	12.564	0.066	0.991	3000.0
364	2.649	15.508	1.325	11.144	0.067	0.992	5000.0
365	2.431	13.598	1.221	11.325	0.041	0.993	4000.0
366	2.596	14.478	1.407	12.459	0.06	0.99	3000.0
367	4.266	24.415	2.112	20.268	0.11	0.976	3000.0
368	2.204	12.355	1.07	9.225	0.041	0.996	4000.0
369	2.658	14.964	1.333	11.357	0.069	0.991	4000.0
370	3.091	17.772	1.572	14.046	0.059	0.991	2000.0
371	2.396	13.605	1.257	11.508	0.057	0.992	2000.0
372	2.377	13.676	1.228	10.594	0.049	0.994	6000.0
373	3.735	20.609	1.893	18.135	0.062	0.978	2000.0
374	3.004	17.342	1.551	13.239	0.061	0.99	3000.0
375	3.578	20.46	1.781	17.281	0.097	0.981	2000.0
376	2.193	12.498	1.089	10.235	0.046	0.993	3000.0
377	3.55	20.312	1.848	17.673	0.08	0.98	4000.0
378	5.479	30.465	2.934	26.522	0.107	0.957	3000.0
379	2.87	16.297	1.421	13.875	0.057	0.988	6000.0
380	3.533	20.157	1.84	17.137	0.076	0.98	3000.0
381	3.714	21.555	2.009	17.317	0.08	0.983	3000.0
382	4.268	24.138	2.164	20.496	0.08	0.979	4000.0
383	1.91	10.591	0.962	8.388	0.043	0.996	4000.0
384	4.309	24.718	2.225	20.708	0.093	0.973	2000.0
385	2.957	16.343	1.466	13.595	0.047	0.991	7000.0
386	3.199	17.974	1.719	14.682	0.058	0.986	3000.0
387	3.261	18.198	1.612	15.339	0.09	0.984	3000.0
388	3.742	21.458	1.9	16.925	0.075	0.983	3000.0
389	1.919	10.757	0.937	8.8	0.045	0.994	9000.0
390	1.112	5.927	0.693	5.886	0.027	0.997	3000.0
391	3.709	20.543	1.901	17.228	0.075	0.984	3000.0
392	2.46	14.03	1.378	13.337	0.065	0.989	3000.0
393	3.466	19.527	1.706	15.46	0.073	0.984	4000.0
394	3.097	17.405	1.571	13.712	0.063	0.989	3000.0
395	2.383	13.386	1.27	11.736	0.046	0.99	2000.0
396	2.801	16.174	1.464	13.043	0.066	0.991	3000.0
397	2.662	15.505	1.315	11.478	0.056	0.993	5000.0
398	1.537	8.516	0.78	6.934	0.027	0.997	6000.0
399	2.984	16.781	1.631	15.166	0.086	0.983	4000.0
400	2.118	12.051	1.162	10.286	0.03	0.992	4000.0
401	2.776	15.584	1.414	13.195	0.064	0.99	6000.0
402	2.377	13.58	1.18	10.89	0.045	0.992	3000.0
403	2.672	15.208	1.417	12.828	0.055	0.989	5000.0
404	2.039	11.53	1.115	9.439	0.047	0.995	2000.0
405	2.062	11.696	1.027	9.328	0.041	0.996	2000.0
406	3.296	18.333	1.524	14.425	0.085	0.984	3000.0
407	3.289	18.77	1.688	16.476	0.06	0.984	3000.0
408	2.564	14.308	1.326	12.08	0.068	0.989	3000.0
409	2.826	16.13	1.455	13.455	0.074	0.988	3000.0
410	2.168	12.168	1.008	8.952	0.053	0.995	4000.0
411	2.967	16.389	1.366	12.436	0.076	0.99	4000.0
412	3.616	20.595	1.922	17.688	0.06	0.982	4000.0
413	2.533	14.145	1.308	11.39	0.051	0.994	5000.0
414	3.624	20.37	1.769	16.108	0.086	0.988	4000.0
415	1.395	7.508	0.816	7.356	0.036	0.994	2000.0
416	3.218	17.887	1.841	15.937	0.038	0.986	4000.0
417	2.5	14.288	1.369	11.922	0.058	0.993	4000.0
418	3.569	19.032	1.759	16.625	0.073	0.973	6000.0
419	2.539	13.909	1.307	11.361	0.054	0.993	2000.0
420	2.727	15.107	1.283	12.331	0.052	0.99	6000.0
421	2.634	14.492	1.276	12.353	0.044	0.988	2000.0
422	3.821	21.552	1.777	16.852	0.091	0.983	2000.0
423	2.162	12.616	1.042	9.35	0.046	0.994	3000.0
424	2.877	16.181	1.485	13.582	0.092	0.989	7000.0
425	3.026	17.124	1.487	13.872	0.068	0.989	5000.0
426	2.999	16.23	1.426	13.573	0.058	0.988	2000.0
427	2.181	12.575	1.112	9.571	0.052	0.994	2000.0
428	3.073	17.323	1.618	13.13	0.07	0.99	2000.0
429	2.562	14.268	1.225	11.777	0.05	0.991	6000.0
430	3.005	17.863	1.536	14.419	0.064	0.981	50000.0
431	2.67	14.745	1.379	12.508	0.048	0.992	3000.0
432	3.244	18.032	1.64	14.642	0.073	0.987	2000.0
433	1.862	10.817	1.007	9.429	0.04	0.994	3000.0
434	2.859	16.053	1.458	13.184	0.05	0.991	5000.0
435	2.509	13.837	1.231	10.528	0.048	0.994	5000.0
436	2.388	13.303	1.191	10.897	0.054	0.993	23000.0
437	2.625	15.032	1.349	12.512	0.047	0.992	2000.0
438	3.29	18.76	1.752	16.266	0.057	0.984	4000.0
439	3.223	18.15	1.645	15.189	0.045	0.987	4000.0
440	2.418	13.292	1.193	11.234	0.048	0.992	3000.0
441	2.833	15.499	1.379	11.014	0.078	0.993	4000.0
442	2.45	13.724	1.36	11.458	0.047	0.992	2000.0
443	1.913	10.726	0.996	8.561	0.042	0.996	4000.0
444	2.748	15.358	1.419	13.577	0.044	0.989	3000.0
445	1.922	10.892	1.026	9.115	0.044	0.994	2000.0
446	3.083	17.555	1.558	14.96	0.067	0.985	3000.0
447	3.416	18.833	1.731	16.356	0.084	0.983	3000.0
448	2.843	16.463	1.438	13.355	0.051	0.991	2000.0
449	2.622	14.524	1.254	10.748	0.053	0.994	3000.0
450	3.628	20.428	1.844	16.962	0.058	0.985	2000.0
451	2.891	16.349	1.579	14.159	0.051	0.989	3000.0
452	3.139	17.757	1.575	14.256	0.069	0.987	3000.0
453	2.533	14.454	1.218	11.515	0.042	0.993	7000.0
454	3.079	17.584	1.486	13.452	0.073	0.991	2000.0
455	2.664	14.593	1.307	12.023	0.046	0.991	6000.0
456	2.522	13.901	1.252	11.292	0.055	0.992	3000.0
457	2.441	13.715	1.194	10.922	0.046	0.994	4000.0
458	3.818	21.736	1.755	16.627	0.08	0.986	3000.0
459	3.312	18.624	1.637	14.753	0.073	0.991	2000.0
460	2.546	14.348	1.168	10.995	0.05	0.993	4000.0
461	2.778	15.073	1.345	12.27	0.062	0.99	3000.0
462	2.461	14.034	1.28	11.725	0.046	0.992	2000.0
463	1.801	9.956	0.905	8.216	0.038	0.995	4000.0
464	4.284	24.216	2.17	20.074	0.076	0.977	3000.0
465	2.778	15.464	1.52	13.967	0.061	0.983	5000.0
466	2.64	15.437	1.387	12.458	0.06	0.988	2000.0
467	2.738	15.382	1.374	11.592	0.061	0.994	3000.0
468	4.153	23.226	1.985	18.768	0.115	0.975	6000.0
469	3.085	17.426	1.588	14.802	0.056	0.987	2000.0
470	2.625	14.578	1.293	11.311	0.06	0.993	20000.0
471	2.205	12.602	1.201	10.851	0.055	0.993	4000.0
472	2.846	16.717	1.407	12.813	0.071	0.99	3000.0
473	3.344	18.38	1.582	14.211	0.075	0.988	4000.0
474	3.055	17.212	1.646	13.861	0.058	0.991	3000.0
475	1.967	11.307	1.19	10.319	0.047	0.994	4000.0
476	2.452	13.887	1.191	11.539	0.056	0.989	3000.0
477	2.619	14.981	1.314	11.797	0.047	0.992	4000.0
478	2.739	15.769	1.354	12.666	0.053	0.991	2000.0
479	1.657	9.192	0.827	7.537	0.034	0.997	8000.0
480	3.902	21.964	2.03	19.036	0.07	0.978	3000.0
481	3.763	21.494	1.862	17.796	0.08	0.98	3000.0
482	4.06	22.965	2.151	20.044	0.086	0.978	2000.0
483	2.643	14.858	1.169	10.674	0.064	0.994	8000.0
484	3.674	20.854	1.951	18.557	0.066	0.977	3000.0
485	3.533	20.099	1.814	17.294	0.081	0.984	3000.0
486	1.883	10.591	1.011	9.628	0.031	0.993	2000.0
487	3.222	18.196	1.502	14.846	0.087	0.985	20000.0
488	3.83	21.883	2.039	18.176	0.079	0.981	3000.0
489	3.064	17.702	1.473	14.683	0.066	0.985	4000.0
490	3.137	17.608	1.528	14.083	0.072	0.989	4000.0
491	3.14	17.926	1.575	14.208	0.065	0.987	2000.0
492	1.857	10.613	0.946	7.959	0.04	0.996	3000.0
493	2.874	16.089	1.552	14.61	0.043	0.987	4000.0
494	2.903	16.421	1.438	12.596	0.054	0.992	2000.0
495	2.942	16.117	1.71	14.52	0.07	0.984	4000.0
496	3.644	20.852	1.819	18.154	0.069	0.98	2000.0
497	3.954	22.141	1.817	17.228	0.087	0.982	2000.0
498	3.349	19.266	1.667	16.401	0.068	0.983	4000.0
499	3.034	16.943	1.483	13.707	0.053	0.989	2000.0
500	3.007	16.875	1.404	12.787	0.067	0.993	4000.0
