NMF_Replicate	L1	L1 %	L2	L2 %	KL Divergence	Correlation	Convergence Iterations
1	7.573	28.233	3.372	28.904	0.089	0.949	5000.0
2	5.865	21.941	2.549	21.53	0.062	0.973	4000.0
3	8.683	32.371	3.498	29.716	0.111	0.947	6000.0
4	9.733	36.21	4.279	34.17	0.125	0.925	4000.0
5	6.078	22.78	2.684	23.086	0.086	0.962	4000.0
6	8.163	30.506	3.452	30.351	0.101	0.94	3000.0
7	7.575	28.4	3.163	26.8	0.097	0.957	3000.0
8	6.923	25.796	2.968	25.12	0.088	0.96	4000.0
9	6.511	24.411	2.632	22.293	0.077	0.972	5000.0
10	7.517	28.145	3.093	26.795	0.099	0.947	3000.0
11	8.753	32.942	3.607	30.262	0.125	0.94	3000.0
12	6.66	24.888	2.667	22.633	0.082	0.969	5000.0
13	6.856	25.727	2.998	24.252	0.083	0.962	7000.0
14	8.089	30.19	3.486	30.095	0.091	0.943	2000.0
15	7.78	29.113	3.394	29.436	0.089	0.946	3000.0
16	7.187	27.082	3.094	25.987	0.079	0.958	4000.0
17	6.453	24.161	2.569	21.602	0.077	0.974	4000.0
18	8.318	31.271	3.413	28.977	0.115	0.948	3000.0
19	6.629	24.754	2.653	21.189	0.086	0.976	4000.0
20	7.223	26.995	3.133	25.94	0.091	0.957	18000.0
21	7.426	27.483	3.159	26.643	0.1	0.955	4000.0
22	8.42	31.507	3.362	29.684	0.102	0.943	3000.0
23	6.328	23.375	2.61	21.635	0.075	0.967	4000.0
24	6.926	25.856	2.865	24.147	0.074	0.959	5000.0
25	5.915	22.047	2.604	22.055	0.075	0.97	3000.0
26	7.013	26.101	2.978	24.734	0.077	0.96	5000.0
27	6.744	25.119	2.68	22.705	0.08	0.968	4000.0
28	7.595	28.45	3.262	27.541	0.087	0.953	4000.0
29	7.739	29.005	3.395	27.284	0.092	0.959	2000.0
30	7.032	26.2	2.94	25.38	0.087	0.954	7000.0
31	6.669	24.846	2.826	24.26	0.075	0.964	3000.0
32	7.755	28.671	3.41	29.896	0.082	0.943	3000.0
33	7.188	26.764	3.058	24.65	0.093	0.961	6000.0
34	7.128	26.592	3.123	26.466	0.074	0.952	8000.0
35	7.507	28.146	3.215	27.909	0.079	0.95	3000.0
36	7.301	27.21	3.148	25.401	0.109	0.96	3000.0
37	6.275	23.615	2.792	23.036	0.07	0.97	3000.0
38	8.581	32.235	3.642	31.988	0.109	0.938	3000.0
39	6.103	22.582	2.566	21.014	0.079	0.974	2000.0
40	8.11	30.236	3.369	28.17	0.091	0.954	5000.0
41	7.08	26.394	2.982	25.118	0.073	0.964	7000.0
42	9.049	33.695	4.031	33.568	0.123	0.929	9000.0
43	8.083	30.189	3.644	29.139	0.094	0.944	4000.0
44	7.161	26.961	2.922	24.809	0.074	0.963	4000.0
45	6.934	25.954	3.204	27.187	0.069	0.953	15000.0
46	6.752	25.317	3.014	25.272	0.073	0.962	4000.0
47	7.783	28.762	3.372	28.743	0.094	0.951	5000.0
48	7.658	28.536	3.277	27.205	0.096	0.955	6000.0
49	4.824	18.016	1.822	16.155	0.056	0.984	3000.0
50	5.557	20.678	2.254	19.29	0.058	0.979	2000.0
51	8.358	31.194	3.647	28.21	0.134	0.954	4000.0
52	6.613	24.422	2.833	23.928	0.077	0.966	4000.0
53	7.037	26.335	2.842	23.186	0.077	0.975	7000.0
54	7.261	27.43	3.081	26.453	0.097	0.956	3000.0
55	6.969	26.229	3.025	24.727	0.089	0.961	3000.0
56	6.632	24.64	2.965	25.048	0.082	0.96	6000.0
57	7.467	27.804	3.241	28.003	0.086	0.949	3000.0
58	6.112	22.999	2.596	23.143	0.074	0.965	4000.0
59	6.739	25.125	2.906	23.859	0.087	0.966	5000.0
60	8.64	32.283	3.683	30.764	0.119	0.944	3000.0
61	5.339	19.972	2.241	19.386	0.052	0.973	6000.0
62	8.014	29.746	3.521	28.24	0.091	0.948	3000.0
63	6.102	22.582	2.675	21.802	0.076	0.972	9000.0
64	8.029	30.107	3.427	30.31	0.1	0.942	3000.0
65	8.37	31.371	3.428	29.974	0.099	0.947	7000.0
66	7.261	27.198	3.097	26.103	0.102	0.949	2000.0
67	7.863	29.483	3.28	27.014	0.102	0.952	4000.0
68	6.968	26.103	2.979	25.701	0.09	0.957	2000.0
69	5.68	21.392	2.284	21.01	0.061	0.968	4000.0
70	7.222	26.938	3.146	26.35	0.081	0.963	2000.0
71	6.257	23.368	2.546	21.871	0.073	0.973	3000.0
72	7.766	28.905	3.293	26.289	0.096	0.957	4000.0
73	8.922	33.183	3.867	33.308	0.122	0.93	6000.0
74	7.168	26.75	3.058	24.409	0.101	0.964	2000.0
75	6.628	25.068	2.817	25.244	0.089	0.956	4000.0
76	7.253	26.971	3.082	26.468	0.081	0.951	3000.0
77	6.323	23.644	2.812	22.081	0.078	0.966	3000.0
78	7.687	28.827	3.271	25.546	0.102	0.966	2000.0
79	6.764	25.068	3.151	25.788	0.068	0.958	6000.0
80	6.732	25.137	2.851	23.487	0.08	0.966	5000.0
81	6.872	25.825	2.925	24.756	0.095	0.96	3000.0
82	7.282	27.19	3.05	26.352	0.084	0.954	2000.0
83	6.445	24.188	2.544	21.498	0.094	0.969	8000.0
84	7.252	27.059	3.242	27.704	0.086	0.953	3000.0
85	7.348	27.496	2.996	25.714	0.085	0.958	3000.0
86	5.354	19.927	2.225	19.415	0.054	0.975	3000.0
87	6.764	25.301	2.867	23.606	0.102	0.96	2000.0
88	6.129	23.008	2.548	22.571	0.085	0.959	2000.0
89	7.407	27.74	3.085	26.694	0.079	0.958	2000.0
90	6.796	25.457	2.878	23.117	0.083	0.97	5000.0
91	7.507	27.88	3.304	26.783	0.091	0.958	2000.0
92	5.583	20.888	2.364	21.682	0.059	0.968	5000.0
93	6.279	23.618	2.579	20.707	0.083	0.974	13000.0
94	8.859	32.85	3.925	31.666	0.105	0.933	5000.0
95	8.205	30.783	3.474	30.015	0.102	0.943	6000.0
96	6.337	23.486	2.65	22.099	0.071	0.971	3000.0
97	6.316	23.593	2.641	21.303	0.077	0.975	4000.0
98	6.948	25.895	3.069	25.726	0.075	0.959	2000.0
99	7.488	27.625	3.216	26.039	0.084	0.956	2000.0
100	8.41	31.49	3.428	29.7	0.09	0.949	4000.0
101	8.239	30.806	3.474	28.928	0.106	0.946	3000.0
102	5.796	21.819	2.421	20.74	0.064	0.974	2000.0
103	5.803	21.617	2.329	19.504	0.069	0.977	4000.0
104	6.486	24.288	2.903	23.458	0.08	0.966	4000.0
105	6.038	22.485	2.402	20.441	0.076	0.972	6000.0
106	6.365	23.832	2.489	20.666	0.088	0.976	2000.0
107	7.824	29.22	3.291	27.853	0.11	0.946	4000.0
108	7.165	26.754	2.935	25.58	0.089	0.952	5000.0
109	8.279	31.043	3.468	30.302	0.111	0.941	3000.0
110	4.951	18.619	1.938	16.668	0.057	0.983	3000.0
111	5.77	21.582	2.471	21.904	0.072	0.972	2000.0
112	6.313	23.551	2.729	22.6	0.073	0.969	3000.0
113	7.031	26.164	2.919	24.835	0.068	0.965	4000.0
114	6.047	22.433	2.529	20.884	0.074	0.97	3000.0
115	6.573	24.832	2.785	24.228	0.082	0.958	8000.0
116	6.014	22.47	2.501	20.917	0.067	0.973	3000.0
117	7.859	29.321	3.308	27.612	0.095	0.956	3000.0
118	7.994	29.863	3.342	28.759	0.103	0.948	5000.0
119	7.085	26.617	3.051	26.886	0.082	0.953	9000.0
120	6.65	24.936	2.907	24.164	0.073	0.971	6000.0
121	6.555	24.529	2.798	23.994	0.078	0.965	3000.0
122	6.43	23.968	2.711	23.194	0.072	0.968	3000.0
123	5.943	22.079	2.342	19.777	0.06	0.976	4000.0
124	7.719	28.677	3.394	28.969	0.085	0.95	3000.0
125	5.993	22.732	2.51	21.662	0.073	0.968	5000.0
126	6.801	25.348	3.063	24.609	0.072	0.964	6000.0
127	6.411	23.823	2.901	23.849	0.061	0.967	4000.0
128	7.86	29.411	3.133	26.28	0.118	0.956	3000.0
129	6.758	25.35	2.874	23.228	0.087	0.965	4000.0
130	6.459	24.162	2.885	24.809	0.076	0.959	7000.0
131	7.772	28.669	3.476	27.973	0.104	0.949	3000.0
132	7.163	26.753	3.012	24.226	0.079	0.968	2000.0
133	6.696	25.141	2.614	22.127	0.093	0.969	3000.0
134	7.253	27.12	3.134	25.873	0.087	0.961	2000.0
135	7.639	28.665	3.179	26.495	0.081	0.957	4000.0
136	8.272	31.089	3.542	29.067	0.118	0.947	2000.0
137	6.476	24.32	2.784	23.576	0.078	0.968	4000.0
138	6.493	24.12	2.803	24.527	0.073	0.965	3000.0
139	7.98	29.328	3.27	27.276	0.103	0.948	3000.0
140	8.586	31.89	3.661	29.507	0.109	0.948	3000.0
141	7.047	26.308	2.987	25.996	0.081	0.956	4000.0
142	7.543	28.349	3.099	26.006	0.102	0.956	7000.0
143	8.781	32.653	3.742	30.46	0.111	0.942	3000.0
144	7.832	29.281	3.627	29.144	0.106	0.946	2000.0
145	6.297	23.63	2.619	22.811	0.062	0.966	3000.0
146	7.793	28.936	3.291	27.966	0.089	0.954	3000.0
147	8.154	30.31	3.443	27.501	0.109	0.955	4000.0
148	8.594	32.318	3.748	32.591	0.141	0.919	5000.0
149	6.622	24.816	2.808	23.924	0.069	0.964	3000.0
150	6.271	23.343	2.623	22.729	0.065	0.964	5000.0
151	6.801	25.449	2.94	26.185	0.065	0.959	3000.0
152	6.955	26.122	2.924	25.359	0.105	0.952	4000.0
153	8.957	33.55	3.719	30.759	0.113	0.946	5000.0
154	6.286	23.584	2.548	22.216	0.073	0.971	6000.0
155	7.577	28.384	3.204	26.797	0.093	0.958	3000.0
156	7.291	27.2	3.201	27.991	0.078	0.952	19000.0
157	6.68	24.996	2.643	23.024	0.084	0.971	4000.0
158	6.811	25.392	2.834	23.849	0.088	0.962	4000.0
159	8.052	30.313	3.397	28.85	0.108	0.951	9000.0
160	8.521	32.039	3.705	31.052	0.112	0.942	2000.0
161	5.912	22.245	2.497	21.533	0.065	0.966	4000.0
162	8.08	30.119	3.459	29.641	0.091	0.945	3000.0
163	6.443	23.921	2.738	23.643	0.065	0.967	4000.0
164	7.578	28.275	3.24	26.578	0.077	0.959	2000.0
165	6.699	25.164	2.718	25.046	0.099	0.954	5000.0
166	5.924	22.097	2.415	21.565	0.067	0.972	2000.0
167	5.889	21.814	2.411	20.169	0.066	0.977	4000.0
168	6.343	23.388	2.616	22.831	0.063	0.966	6000.0
169	6.903	25.816	3.01	25.013	0.081	0.961	3000.0
170	6.848	25.561	2.946	24.412	0.076	0.962	4000.0
171	7.262	27.208	3.032	26.153	0.075	0.958	3000.0
172	6.494	24.119	2.632	22.209	0.071	0.968	4000.0
173	8.797	32.788	4.015	32.3	0.109	0.944	3000.0
174	7.098	26.738	2.99	27.138	0.087	0.954	3000.0
175	7.163	26.817	3.148	27.528	0.078	0.949	2000.0
176	7.194	27.041	3.041	25.95	0.114	0.957	5000.0
177	7.893	29.292	3.328	28.105	0.092	0.951	4000.0
178	6.347	23.803	2.8	23.73	0.084	0.968	7000.0
179	6.691	24.99	2.971	24.57	0.079	0.963	3000.0
180	7.749	28.835	3.261	29.055	0.087	0.948	4000.0
181	6.856	25.434	2.765	23.614	0.078	0.967	3000.0
182	7.522	28.148	3.221	27.936	0.08	0.951	3000.0
183	8.557	31.858	3.899	32.076	0.111	0.937	2000.0
184	7.479	27.818	3.26	26.233	0.097	0.959	4000.0
185	6.855	25.603	2.973	25.85	0.081	0.959	3000.0
186	7.328	27.644	3.071	26.532	0.098	0.954	4000.0
187	7.803	29.202	3.217	25.463	0.105	0.954	4000.0
188	6.868	25.59	2.907	24.03	0.085	0.965	2000.0
189	7.251	27.005	3.212	26.949	0.083	0.953	8000.0
190	7.01	26.281	2.829	24.565	0.086	0.964	2000.0
191	7.235	27.046	3.187	27.14	0.075	0.961	4000.0
192	6.711	24.905	2.838	23.421	0.088	0.961	3000.0
193	7.253	27.46	3.193	27.354	0.087	0.945	4000.0
194	6.651	24.977	2.677	23.694	0.083	0.961	3000.0
195	8.031	30.078	3.39	28.693	0.087	0.95	2000.0
196	6.632	24.699	2.717	22.59	0.075	0.97	5000.0
197	6.636	24.631	2.697	22.655	0.092	0.969	2000.0
198	7.494	27.952	3.341	28.039	0.094	0.951	3000.0
199	8.011	29.81	3.509	29.323	0.082	0.946	2000.0
200	6.467	24.133	2.717	23.855	0.072	0.963	4000.0
201	5.757	21.581	2.52	21.253	0.063	0.97	6000.0
202	6.605	24.654	2.653	22.656	0.084	0.969	4000.0
203	6.967	26.057	2.902	25.616	0.082	0.957	2000.0
204	5.762	21.475	2.604	21.202	0.072	0.973	3000.0
205	5.662	21.023	2.351	20.846	0.053	0.974	4000.0
206	6.399	23.93	2.841	25.212	0.085	0.962	3000.0
207	5.679	21.181	2.3	19.798	0.062	0.976	3000.0
208	6.419	23.856	2.932	24.545	0.063	0.958	5000.0
209	7.053	26.216	2.954	25.686	0.069	0.955	3000.0
210	6.532	24.33	2.636	22.538	0.065	0.966	5000.0
211	7.049	26.836	3.05	26.347	0.092	0.953	9000.0
212	7.01	26.311	2.839	24.938	0.08	0.954	3000.0
213	7.123	26.482	2.876	24.861	0.088	0.963	2000.0
214	7.049	26.159	2.962	24.778	0.092	0.957	5000.0
215	7.343	27.076	3.39	26.064	0.084	0.953	9000.0
216	6.85	25.611	2.699	23.625	0.075	0.968	3000.0
217	7.384	27.508	3.151	26.763	0.088	0.959	3000.0
218	8.831	32.936	3.579	30.44	0.118	0.945	3000.0
219	6.683	24.465	2.869	24.464	0.061	0.962	3000.0
220	8.341	31.114	3.451	28.733	0.103	0.95	2000.0
221	6.922	25.966	3.13	26.47	0.082	0.949	2000.0
222	7.729	28.706	3.313	27.796	0.084	0.957	2000.0
223	6.92	25.789	3.004	24.717	0.091	0.965	7000.0
224	6.565	24.48	2.838	23.365	0.078	0.967	4000.0
225	7.854	29.408	3.462	29.28	0.124	0.938	4000.0
226	6.667	25.049	2.687	22.432	0.108	0.966	4000.0
227	6.111	22.702	2.608	21.774	0.072	0.973	8000.0
228	7.496	28.013	3.051	26.974	0.095	0.948	6000.0
229	6.78	25.502	2.819	23.504	0.077	0.963	4000.0
230	7.793	28.978	3.27	27.969	0.086	0.952	6000.0
231	8.915	33.206	3.977	31.696	0.112	0.941	22000.0
232	6.444	24.007	2.828	24.522	0.072	0.964	4000.0
233	6.92	25.924	2.981	24.862	0.096	0.962	3000.0
234	6.587	24.516	2.838	23.268	0.079	0.966	2000.0
235	6.729	25.168	2.98	25.084	0.072	0.961	4000.0
236	7.602	28.12	3.342	28.33	0.084	0.947	3000.0
237	6.007	22.393	2.497	21.996	0.075	0.971	7000.0
238	7.843	29.277	3.437	28.69	0.087	0.95	2000.0
239	7.858	29.324	3.319	27.844	0.106	0.951	3000.0
240	7.093	26.194	3.493	27.605	0.071	0.953	3000.0
241	7.416	27.713	3.23	27.87	0.075	0.956	3000.0
242	8.586	32.031	3.904	32.524	0.099	0.938	3000.0
243	6.964	26.033	3.065	24.801	0.1	0.964	5000.0
244	7.705	28.739	3.466	27.87	0.108	0.954	3000.0
245	9.246	34.692	3.86	33.822	0.143	0.923	5000.0
246	7.787	28.985	3.284	28.435	0.088	0.949	4000.0
247	8.488	31.656	3.814	32.69	0.105	0.934	6000.0
248	6.257	23.471	2.813	22.756	0.08	0.968	3000.0
249	7.311	27.511	3.21	28.688	0.094	0.937	3000.0
250	8.753	32.954	3.902	32.455	0.117	0.938	3000.0
251	7.309	27.097	3.054	25.153	0.081	0.955	4000.0
252	6.708	25.144	2.533	20.884	0.075	0.976	2000.0
253	7.561	27.94	3.181	25.111	0.105	0.959	4000.0
254	8.147	30.65	3.806	30.892	0.105	0.929	4000.0
255	7.924	29.385	3.244	26.616	0.091	0.959	4000.0
256	6.289	23.49	2.633	22.031	0.074	0.968	3000.0
257	7.055	26.319	3.01	24.582	0.096	0.965	3000.0
258	8.359	31.038	3.685	30.19	0.096	0.942	3000.0
259	7.692	28.878	3.395	28.808	0.096	0.951	4000.0
260	5.867	21.927	2.635	22.481	0.066	0.968	2000.0
261	7.676	28.419	3.2	25.586	0.09	0.962	3000.0
262	6.064	22.505	2.409	19.696	0.078	0.976	2000.0
263	9.637	35.687	4.237	33.721	0.132	0.929	4000.0
264	7.378	27.596	2.987	25.063	0.084	0.961	3000.0
265	6.572	24.685	2.924	24.737	0.079	0.96	4000.0
266	7.185	26.856	2.922	24.855	0.091	0.963	4000.0
267	8.185	30.656	3.642	30.461	0.091	0.942	3000.0
268	8.431	31.36	3.482	30.92	0.097	0.942	5000.0
269	7.337	27.293	3.297	26.907	0.077	0.956	3000.0
270	8.545	31.952	3.599	29.372	0.114	0.942	5000.0
271	5.467	20.257	2.295	18.769	0.054	0.98	2000.0
272	6.699	25.05	2.996	25.286	0.063	0.959	4000.0
273	6.499	24.21	2.744	21.914	0.085	0.971	3000.0
274	7.077	26.417	2.851	23.934	0.093	0.966	3000.0
275	8.54	31.929	3.525	29.056	0.112	0.941	4000.0
276	6.804	25.404	2.95	24.723	0.089	0.96	3000.0
277	8.34	31.4	3.684	30.869	0.102	0.944	4000.0
278	7.044	26.216	2.94	23.854	0.088	0.966	3000.0
279	7.406	27.733	3.147	26.88	0.075	0.959	3000.0
280	6.922	25.975	3.047	26.222	0.081	0.959	4000.0
281	7.346	27.478	3.089	26.48	0.077	0.962	2000.0
282	6.09	22.789	2.599	22.026	0.067	0.971	3000.0
283	7.447	27.689	3.137	26.85	0.091	0.952	2000.0
284	8.254	30.569	3.836	30.815	0.104	0.932	4000.0
285	8.089	30.222	3.349	27.956	0.099	0.95	5000.0
286	7.127	26.536	2.98	24.463	0.089	0.962	3000.0
287	5.001	18.672	1.992	17.595	0.064	0.979	5000.0
288	6.282	23.113	2.654	22.366	0.067	0.969	4000.0
289	6.358	23.212	2.811	20.848	0.088	0.972	2000.0
290	7.645	28.498	3.259	27.055	0.095	0.953	4000.0
291	8.257	30.515	3.511	28.973	0.088	0.948	3000.0
292	6.445	24.083	2.713	22.698	0.085	0.964	3000.0
293	7.442	27.984	3.097	25.883	0.099	0.958	3000.0
294	7.062	26.422	2.832	24.498	0.088	0.966	3000.0
295	5.714	21.352	2.418	18.998	0.072	0.979	2000.0
296	5.967	22.132	2.388	20.033	0.076	0.974	4000.0
297	7.135	26.503	2.843	24.435	0.082	0.963	5000.0
298	6.783	25.368	2.77	23.506	0.091	0.963	4000.0
299	6.793	25.384	2.973	25.762	0.071	0.962	3000.0
300	6.644	24.887	2.835	23.986	0.089	0.964	9000.0
301	7.113	26.609	2.899	25.005	0.081	0.958	3000.0
302	6.18	22.985	2.661	23.005	0.054	0.968	4000.0
303	7.737	28.473	3.491	27.093	0.098	0.949	6000.0
304	8.145	30.545	3.556	29.854	0.104	0.95	8000.0
305	6.729	25.049	2.74	23.316	0.08	0.969	2000.0
306	6.505	24.385	2.722	23.113	0.065	0.966	3000.0
307	6.284	23.279	2.837	24.13	0.093	0.959	2000.0
308	6.451	24.113	2.629	22.692	0.072	0.967	4000.0
309	7.543	28.345	3.16	27.158	0.101	0.958	13000.0
310	7.543	28.026	3.234	25.994	0.108	0.958	2000.0
311	6.592	24.639	2.819	23.446	0.08	0.961	2000.0
312	7.66	28.459	3.308	25.808	0.091	0.965	3000.0
313	7.0	26.278	2.89	24.114	0.082	0.965	2000.0
314	7.073	26.554	2.854	24.053	0.099	0.964	2000.0
315	6.748	25.282	2.882	24.305	0.081	0.967	4000.0
316	6.152	23.021	2.686	22.242	0.071	0.967	3000.0
317	7.945	29.724	3.345	29.66	0.079	0.945	23000.0
318	8.585	31.86	3.77	30.149	0.101	0.947	4000.0
319	8.63	32.357	3.535	29.665	0.11	0.952	4000.0
320	7.525	27.879	3.355	27.057	0.081	0.958	5000.0
321	6.823	25.437	2.882	23.547	0.076	0.969	2000.0
322	7.83	29.049	3.374	29.129	0.106	0.944	6000.0
323	7.441	27.861	3.132	24.701	0.099	0.965	3000.0
324	7.204	26.891	3.032	25.889	0.084	0.956	3000.0
325	7.297	27.601	3.041	25.826	0.103	0.953	3000.0
326	6.863	25.72	3.011	25.325	0.097	0.951	2000.0
327	6.17	23.078	2.425	21.697	0.073	0.969	4000.0
328	7.624	28.38	3.283	27.756	0.097	0.956	3000.0
329	8.255	30.67	3.569	30.905	0.085	0.937	4000.0
330	6.777	25.395	2.935	25.672	0.089	0.958	2000.0
331	7.352	27.511	3.237	27.159	0.08	0.951	4000.0
332	6.149	22.929	2.557	20.579	0.076	0.973	5000.0
333	8.127	29.973	3.742	29.688	0.09	0.944	6000.0
334	5.864	22.062	2.519	21.548	0.066	0.973	5000.0
335	6.825	25.34	2.917	24.455	0.061	0.962	4000.0
336	6.157	22.941	2.522	21.434	0.082	0.967	3000.0
337	8.849	33.181	4.098	33.982	0.135	0.915	2000.0
338	7.722	28.861	3.374	26.145	0.114	0.952	4000.0
339	7.252	26.942	3.339	27.064	0.09	0.954	3000.0
340	7.641	28.662	3.057	26.663	0.105	0.96	4000.0
341	7.304	27.307	3.167	28.006	0.098	0.944	4000.0
342	7.158	26.607	3.045	26.174	0.085	0.96	4000.0
343	8.803	33.268	3.672	30.384	0.107	0.938	4000.0
344	7.323	27.282	3.027	24.435	0.084	0.967	2000.0
345	6.569	24.575	2.639	21.412	0.09	0.971	2000.0
346	7.256	27.21	3.293	26.112	0.086	0.958	3000.0
347	6.792	25.246	3.062	25.429	0.074	0.963	3000.0
348	5.852	21.861	2.567	21.886	0.061	0.968	6000.0
349	6.062	22.857	2.514	21.427	0.071	0.974	6000.0
350	7.544	28.197	3.293	27.993	0.088	0.955	3000.0
351	6.686	24.889	2.842	24.203	0.067	0.962	5000.0
352	6.819	25.404	2.819	23.283	0.089	0.968	2000.0
353	8.002	29.826	3.374	28.264	0.082	0.958	2000.0
354	6.199	23.092	2.612	22.411	0.074	0.967	3000.0
355	5.756	21.652	2.339	20.511	0.069	0.972	5000.0
356	7.003	26.061	3.185	24.912	0.082	0.966	2000.0
357	7.201	27.069	2.769	23.341	0.092	0.965	2000.0
358	7.419	27.676	3.375	27.115	0.081	0.953	10000.0
359	6.063	22.875	2.38	21.205	0.086	0.964	4000.0
360	5.849	21.906	2.344	19.99	0.073	0.973	2000.0
361	5.432	20.135	2.331	19.675	0.048	0.978	7000.0
362	6.844	25.623	2.88	23.59	0.071	0.961	2000.0
363	7.357	27.532	3.103	26.02	0.092	0.96	3000.0
364	8.499	31.772	3.803	29.138	0.106	0.948	3000.0
365	8.464	31.597	3.527	30.064	0.097	0.95	6000.0
366	6.465	23.99	2.732	22.665	0.059	0.97	3000.0
367	5.836	21.501	2.367	20.685	0.061	0.974	2000.0
368	9.191	34.137	3.804	31.089	0.121	0.932	5000.0
369	6.772	25.335	2.908	23.893	0.085	0.965	2000.0
370	6.297	23.426	2.73	22.608	0.082	0.97	2000.0
371	6.51	24.324	2.623	23.415	0.076	0.965	5000.0
372	4.717	17.586	1.985	17.604	0.054	0.977	3000.0
373	6.749	25.462	2.932	25.983	0.076	0.954	3000.0
374	8.625	31.938	3.622	29.758	0.117	0.938	3000.0
375	7.592	28.427	3.236	26.91	0.099	0.958	3000.0
376	6.885	25.792	2.888	23.581	0.08	0.972	2000.0
377	7.296	27.461	2.954	26.187	0.095	0.957	5000.0
378	7.367	27.644	3.086	26.318	0.08	0.957	10000.0
379	8.244	30.699	3.561	28.508	0.105	0.955	7000.0
380	6.567	24.483	2.693	22.042	0.083	0.971	10000.0
381	7.666	28.473	3.138	27.123	0.083	0.955	5000.0
382	7.208	27.378	2.96	26.121	0.095	0.952	2000.0
383	7.776	28.932	3.242	28.042	0.079	0.951	3000.0
384	6.739	25.146	2.803	24.241	0.08	0.959	4000.0
385	7.165	26.705	3.093	25.839	0.092	0.956	3000.0
386	6.549	24.423	2.708	22.744	0.068	0.971	5000.0
387	9.021	33.705	4.003	33.889	0.129	0.923	7000.0
388	7.211	26.905	2.901	23.979	0.094	0.966	2000.0
389	5.955	22.312	2.56	21.723	0.069	0.972	3000.0
390	7.952	29.52	3.236	26.981	0.102	0.954	7000.0
391	7.076	26.49	2.902	24.62	0.103	0.956	4000.0
392	7.215	27.136	3.013	25.591	0.095	0.956	5000.0
393	6.996	26.144	2.849	22.992	0.093	0.967	4000.0
394	6.209	23.196	2.716	22.683	0.076	0.966	7000.0
395	6.86	25.223	2.948	24.278	0.085	0.955	5000.0
396	8.02	29.907	3.632	30.725	0.094	0.945	6000.0
397	5.678	21.052	2.575	21.421	0.079	0.972	2000.0
398	6.84	25.414	3.184	26.511	0.07	0.948	3000.0
399	6.842	25.549	2.942	25.342	0.093	0.956	5000.0
400	8.045	30.008	3.691	30.732	0.1	0.938	3000.0
401	6.821	25.493	2.976	25.014	0.078	0.963	4000.0
402	9.183	34.105	3.997	32.574	0.125	0.937	2000.0
403	8.152	30.66	3.44	28.018	0.108	0.956	3000.0
404	8.653	32.302	3.811	32.929	0.111	0.938	3000.0
405	7.677	28.935	3.2	26.448	0.107	0.957	2000.0
406	6.43	24.171	2.694	23.725	0.071	0.964	5000.0
407	6.354	23.766	2.789	22.877	0.075	0.963	3000.0
408	6.603	24.661	2.724	23.65	0.066	0.966	2000.0
409	7.772	29.125	3.232	27.977	0.089	0.952	5000.0
410	7.03	26.491	2.891	25.148	0.097	0.959	3000.0
411	5.432	20.001	2.369	19.518	0.058	0.976	19000.0
412	7.811	29.108	3.495	27.931	0.101	0.95	3000.0
413	6.735	25.139	2.762	23.709	0.062	0.968	4000.0
414	8.597	32.134	3.665	30.55	0.093	0.952	3000.0
415	6.516	24.225	2.894	25.086	0.073	0.96	2000.0
416	7.727	28.986	3.353	27.409	0.102	0.945	4000.0
417	6.232	23.317	2.682	22.048	0.067	0.972	5000.0
418	8.578	32.115	3.517	28.335	0.112	0.945	5000.0
419	7.336	27.26	3.372	28.186	0.083	0.953	4000.0
420	7.177	26.968	3.091	27.165	0.098	0.95	2000.0
421	7.115	26.575	2.919	24.435	0.089	0.968	5000.0
422	6.283	23.38	2.648	22.724	0.061	0.969	3000.0
423	5.787	21.424	2.379	19.972	0.072	0.973	5000.0
424	7.139	26.624	3.311	27.383	0.077	0.957	4000.0
425	7.444	27.755	3.475	28.236	0.09	0.95	4000.0
426	8.376	30.934	3.496	29.26	0.117	0.951	2000.0
427	6.349	23.724	2.751	22.43	0.077	0.968	3000.0
428	6.878	25.982	2.844	24.174	0.093	0.96	2000.0
429	7.233	26.908	3.078	24.908	0.086	0.965	5000.0
430	6.462	24.043	2.591	21.689	0.094	0.967	6000.0
431	6.863	25.853	3.003	24.674	0.108	0.95	4000.0
432	6.549	24.569	2.74	23.988	0.076	0.963	2000.0
433	7.427	27.644	3.173	26.771	0.097	0.955	3000.0
434	6.554	24.451	2.803	23.035	0.078	0.969	2000.0
435	6.721	25.225	3.096	26.352	0.096	0.951	4000.0
436	6.227	23.291	2.671	23.241	0.06	0.967	2000.0
437	6.472	23.909	2.8	23.163	0.069	0.965	7000.0
438	6.986	25.909	2.992	24.4	0.081	0.965	3000.0
439	7.082	26.413	2.888	23.769	0.082	0.969	3000.0
440	6.68	24.746	2.923	24.298	0.063	0.965	4000.0
441	6.011	22.407	2.479	20.594	0.062	0.976	7000.0
442	7.726	28.727	3.23	25.631	0.096	0.958	3000.0
443	8.543	32.029	3.628	29.951	0.125	0.949	4000.0
444	7.606	28.207	3.547	28.877	0.093	0.95	5000.0
445	8.134	30.346	3.429	28.768	0.104	0.953	3000.0
446	6.792	25.388	2.914	22.427	0.095	0.969	8000.0
447	8.832	33.024	3.881	32.518	0.111	0.942	7000.0
448	6.428	24.008	2.543	21.269	0.09	0.974	4000.0
449	9.062	33.41	3.813	31.695	0.117	0.934	7000.0
450	5.899	21.975	2.612	22.52	0.068	0.964	4000.0
451	6.522	24.604	2.74	21.919	0.077	0.967	2000.0
452	5.809	21.94	2.403	20.142	0.079	0.968	5000.0
453	7.406	27.911	3.056	26.423	0.087	0.955	2000.0
454	7.135	26.864	2.886	25.156	0.094	0.958	2000.0
455	8.229	30.56	3.217	26.113	0.098	0.96	11000.0
456	6.793	25.502	3.216	25.955	0.087	0.96	4000.0
457	6.864	25.521	2.803	22.53	0.09	0.969	4000.0
458	6.92	25.787	2.988	25.086	0.089	0.961	5000.0
459	6.487	24.34	2.794	23.22	0.071	0.966	2000.0
460	8.366	31.52	3.453	29.82	0.133	0.933	3000.0
461	7.538	28.106	3.419	28.01	0.088	0.951	3000.0
462	6.772	25.13	2.947	24.224	0.076	0.961	2000.0
463	7.502	28.065	3.134	26.56	0.109	0.957	7000.0
464	6.417	23.915	2.632	22.806	0.068	0.97	4000.0
465	6.097	22.707	2.495	21.565	0.07	0.974	4000.0
466	8.082	29.945	3.498	30.249	0.075	0.948	5000.0
467	6.241	23.62	2.593	21.631	0.072	0.968	2000.0
468	7.821	29.199	3.526	29.765	0.114	0.947	2000.0
469	7.974	29.638	3.438	27.767	0.094	0.954	4000.0
470	6.714	25.02	2.747	24.501	0.08	0.96	3000.0
471	5.77	21.592	2.616	21.483	0.067	0.965	3000.0
472	6.391	23.585	2.774	23.792	0.062	0.964	4000.0
473	5.765	21.588	2.346	19.591	0.069	0.977	2000.0
474	7.681	28.663	3.295	27.565	0.092	0.957	5000.0
475	6.176	23.049	2.717	22.762	0.073	0.967	7000.0
476	7.967	29.961	3.443	28.678	0.097	0.949	6000.0
477	8.234	30.978	3.395	28.286	0.107	0.952	4000.0
478	9.395	34.728	4.012	33.431	0.108	0.934	3000.0
479	7.173	26.706	3.105	26.222	0.087	0.958	5000.0
480	5.211	19.442	2.191	19.327	0.056	0.975	2000.0
481	6.681	25.232	2.992	26.034	0.083	0.954	4000.0
482	7.251	26.999	3.131	26.418	0.088	0.954	3000.0
483	7.502	28.012	3.374	27.099	0.094	0.953	5000.0
484	9.071	33.835	3.774	31.522	0.118	0.94	3000.0
485	7.349	27.26	3.052	25.823	0.082	0.961	5000.0
486	5.647	21.119	2.354	19.224	0.075	0.975	4000.0
487	8.831	33.124	3.745	31.844	0.103	0.942	3000.0
488	7.881	29.265	3.415	29.347	0.111	0.945	3000.0
489	8.723	32.435	3.704	30.415	0.102	0.947	3000.0
490	6.479	24.09	2.938	25.037	0.082	0.955	4000.0
491	7.497	27.923	3.157	28.823	0.089	0.945	4000.0
492	7.272	27.365	2.938	24.818	0.095	0.959	3000.0
493	6.866	25.498	3.118	25.352	0.094	0.964	2000.0
494	6.9	25.424	2.996	23.732	0.08	0.965	3000.0
495	7.824	28.899	3.461	26.725	0.098	0.959	8000.0
496	6.693	25.145	2.659	21.42	0.081	0.972	4000.0
497	7.512	28.187	3.247	27.222	0.097	0.956	2000.0
498	7.164	26.793	2.945	26.369	0.078	0.955	3000.0
499	6.545	24.667	2.802	23.854	0.094	0.962	8000.0
500	7.563	28.079	3.502	28.263	0.086	0.951	3000.0
